0.43239832111157755
0.4302682329356392
0.42844261204198764
0.42686154906564144
0.4254803104553393
0.42426365503672164
0.4231841625844231
0.4222203373487844
0.42135499314873803
0.42057247417561366
0.41985838213921356
0.4192082868616382
0.4186150638448282
0.4180728266887771
0.41757665587953796
0.4171184076845537
0.41669547694345244
0.4163057351307175
0.41594678857924516
0.41561507829166106
0.415308399209082
0.4150249764940516
0.4147606060061599
0.41451147261790844
0.414279681128227
0.41406417667663586
0.4138640352926748
0.4136786223391315
0.41350607685441776
0.41334506018690786
0.4131949470501746
0.4130551708001935
0.4129252148434465
0.41280460552106096
0.4126929058402704
0.41258970934898337
0.4124946323353076
0.41240729356887235
0.41232313484160793
0.41224441723280186
0.41217141201137836
0.4121039140961111
0.412041732718229
0.411984689557767
0.4119326172797167
0.4118853583345203
0.411842763947877
0.4118046932550702
0.4117710125507598
0.41174159463389326
0.4117163182325258
0.4116950674966778
0.41167773154963244
0.4116642040897737
0.4116543830363379
0.4116481702134872
0.41164547106793936
0.4116461944160702
0.4116502522169724
0.41165755936844356
0.4116680335232701
0.41168159492353007
0.41169816625093364
0.41171767249147434
0.4117400408128851
0.41176520045358156
0.4117930826219273
0.411823620404759
0.4118567486841285
0.41189240406104843
0.4119305247842981
0.4119710506799553
0.41201392306850393
0.4120590846157982
0.4121055814649102
0.41215306676439484
0.4122018855757211
0.4122520232015543
0.4123034637600227
0.4123561909724115
0.41241018847965083
0.4124654399974121
0.4125219294237069
0.41257964094904076
0.41263855920158876
0.41269866946393824
0.4127599580232703
0.41282241278599235
0.4128860244867859
0.41295078952579145
0.4130164320195886
0.4130796587005794
0.4131430723678647
0.4132066900220181
0.4132705275894576
0.4133345998561114
0.41339892044893733
0.41346350184645503
0.41352835540661054
0.4135934914047552
0.41365891907720925
0.41372464666759773
0.41379068147419235
0.4138570298971524
0.413923697484986
0.4139906889798039
0.4140580083611224
0.4141256588880669
0.41419364313992035
0.41426196305497975
0.4143306199677352
0.4143996146443942
0.4144689473167989
0.41453861771476913
0.41460862509693963
0.41467896828013084
0.41474964566732225
0.4148206552742733
0.41489199475485256
0.4149636614251298
0.4150356522862811
0.41510796404635886
0.4151805931409809
0.415253535752976
0.41532678783104554
0.4154003451074732
0.4154742031149336
0.41554835720243866
0.4156228025504577
0.4156975341852541
0.41577254699246813
0.41584783572998824
0.41592339504013787
0.41599921946120977
0.41607530343838245
0.4161516413340432
0.4162282274375467
0.4163050559744373
0.41638212111515727
0.4164594169832689
0.41653693766321054
0.4166146772076107
0.4166926296441807
0.4167707889822055
0.41684914921865196
0.41692770434391546
0.41700644834722017
0.41708537522168976
0.41716447896910624
0.417243753604371
0.4173231931596847
0.4174027916884549
0.41748254326895334
0.41756244200772774
0.417642482042784
0.41772265754655136
0.4178029627286375
0.41788339183839046
0.4179639391672721
0.41804459905105174
0.41812536587183957
0.4182062340599524
0.4182871980956348
0.4183682525106366
0.4184493918896524
0.4185306108716373
0.4186119041509984
0.41869326647867494
0.41877469266310746
0.4188561775711075
0.41893771612862785
0.4190193033214461
0.41910093419575645
0.4191826038586856
0.41926430747873134
0.41934604028612366
0.41942779757312687
0.41950957469427164
0.4195913670665275
0.4196731701694215
0.4197549795451021
0.41983679079835395
0.41991859959656513
0.4200004016696487
0.42008219280993003
0.42016396887198765
0.42024572577246305
0.4203274594898354
0.42040916606416506
0.42049084159680744
0.42057248225010196
0.4206540842470327
0.4207356438708669
0.42081715746477216
0.4208986214314138
0.4209800322325312
0.4210613863885013
0.42114268047788
0.42122391113693786
0.42130507505917236
