0.3987174032839974
0.39677143393479714
0.39505854805255575
0.39353960387964265
0.39218447167445064
0.39096910389525574
0.38987385447079487
0.3888823082221027
0.3879816917146082
0.3871611815341415
0.3864117183085991
0.385724053858718
0.3850907775227347
0.3845081311504127
0.38397132480593593
0.38347620750841865
0.3830191610736525
0.3825970143807753
0.38220697367108636
0.3818465655178336
0.3815135898797411
0.3812060812325844
0.3809222762131493
0.3806605865451661
0.3804195762739707
0.3801979425351593
0.3799944992367836
0.3798081631553162
0.3796379420407155
0.37948292440140524
0.37934227070053267
0.37921520574409356
0.37910101208296243
0.3789989214763694
0.37890774173345576
0.3788272554275289
0.3787569334569553
0.37869628091591384
0.3786448341718951
0.3786021582245209
0.37856784431953744
0.3785415077982961
0.37852278616114216
0.3785113373224261
0.3785068380358327
0.3785089824705657
0.37851748092097337
0.3785320586342527
0.37855245474267735
0.3785784212884292
0.3786097223304859
0.3786461331241972
0.3786874393651658
0.37873343648983326
0.37878392902582614
0.3788387299855404
0.3788976602967312
0.3789605482639295
0.3790272290543011
0.3790975442010097
0.37917134111606565
0.37924847260276534
0.37932879635463596
0.37941217442223585
0.3794984726192463
0.3795875598204625
0.37967930706568337
0.3797735862958326
0.37987026831774495
0.3799692188534515
0.38007028819253436
0.3801708112702677
0.38027304080602264
0.3803769254827655
0.3804823965621904
0.38058938795303154
0.3806978360573455
0.3808076796311905
0.38091885966331585
0.38103131926852024
0.38114500359259523
0.3812598597269444
0.3813758366318395
0.3814928850679348
0.38161095753624946
0.3817300082274381
0.3818499929820565
0.3819708692648263
0.38209259615813457
0.3822151343838656
0.38233844636995123
0.38246249639253477
0.382587250855861
0.3827126788457349
0.38283875328937583
0.3829654536771445
0.3830927738367384
0.3832207542945435
0.38334894601114217
0.38347726140397753
0.3836057018288257
0.383734250622389
0.38386289208371593
0.38399161131810217
0.38412039411421983
0.3842492268476574
0.38437809640521114
0.38450699012540335
0.3846358957516305
0.38476480139510766
0.38489369550542635
0.3850225668469977
0.38515140448006374
0.3852801977452486
0.38540893625084965
0.38553760986225627
0.3856662086930131
0.38579472309716056
0.3859231436625632
0.3860514612050093
0.38617966676289867
0.38630775159239433
0.38643570716292747
0.3865635251529855
0.38669119744611213
0.3868187161270787
0.3869460734781877
0.3870732619756829
0.3872002742862472
0.3873271032635673
0.38745374194496174
0.38758018354805673
0.38770642146750917
0.38783244927177024
0.3879582606998848
0.38808384965833626
0.3882092102179153
0.38833433661063393
0.38845922322667015
0.38858386461134875
0.38870825546216015
0.3888323906258152
0.3889562650953382
0.3890798740071946
0.389203212638462
0.3893262764040328
0.3894490608538665
0.3895715616702732
0.38969377466524013
0.3898156957777998
0.38993732107143764
0.39005864673153906
0.3901796690628807
0.3903003844871585
0.3904207895405601
0.3905408808713753
0.3906606552376492
0.3907801095048736
0.3908992406437178
0.39101804572780474
0.3911365219315206
0.39125466652786467
0.391372476886341
0.3914899504708851
0.3916070848378312
0.3917238776339184
0.3918403265943256
0.3919564295407558
0.39207218437954855
0.39218758909982665
0.39230264177168644
0.3924173405444154
0.3925316836447466
0.3926456693751509
0.39275929611215393
0.3928725623046954
0.39298546647251453
0.3930980072045682
0.3932101831574852
0.3933219930540467
0.3934334356816958
0.39354450989108575
0.3936552145946451
0.393765548765183
0.39387551143451555
0.39398510169212553
0.3940943186838465
0.3942031616105731
0.3943116297270025
0.394419722340396
0.39452743880937424
0.394634778542726
0.3947417409982552
0.3948483256816414
0.39495453214533055
0.3950603599874476
0.3951658088507317
0.39527087842149067
0.39537556842858645
0.3954798786424329
