0.9659105506484957
0.952896071415436
0.9471147334159905
0.9441900139216142
0.9425038460479874
0.9413697278969372
0.9404765490729796
0.9396620322755572
0.9388664246992781
0.9380595663679033
0.937227933332937
0.9363597238715513
0.9354542043552223
0.9345120026473973
0.9335468282964269
0.932560353187893
0.9315640717581035
0.9305585563205233
0.9295469925866872
0.9285341420848968
0.9275156188581162
0.9265015905385674
0.9254823453408734
0.9244494664849424
0.9234164766841737
0.9223896948531317
0.9213697789006612
0.9203538979542379
0.9193445691010438
0.9183387589890007
0.9173284493834313
0.9163231795060275
0.9153274981267107
0.9143454386332692
0.9133778712254331
0.9123927551304861
0.9114114073738763
0.9104324654404623
0.9094597755005116
0.9084738900144801
0.9074794301299154
0.9064684599313027
0.9054620818266444
0.9044630559455706
0.9034737900728421
0.9024963280882912
0.9015254818202829
0.9005611045778368
0.899605942345133
0.8986618770483304
0.8977305494609773
0.896813395235797
0.8959116876451638
0.8950268566603284
0.8941537139183543
0.8932925167714466
0.8924448484523692
0.8916032850763637
0.8907669762372501
0.889910967195166
0.889058330383475
0.8882109919442898
0.887370761052935
0.8865243323840871
0.885671169970907
0.8848205135025192
0.8839739506710923
0.8831328837357618
0.8822985474755249
0.8814720236808808
0.8806542499217118
0.8798460128148332
0.8790448701072492
0.8782391904220276
0.8774381165020447
0.876642733614811
0.8758540063326933
0.8750727904508965
0.8742998436410635
0.873535834621484
0.8727813501124567
0.8720368956910172
0.8713036277329662
0.8705765382641759
0.8698555864015358
0.8691414496720579
0.8684347622201337
0.8677307079680536
0.867025302904878
0.8663232975601295
0.8656254597748164
0.8649324824884675
0.8642449897454344
0.8635635419527568
0.8628886406168079
0.862220732719201
0.8615602150022459
0.860907439362663
0.8602622446983533
0.8596224839373334
0.8589863836371484
0.858354518329726
0.8577274091014079
0.8571055270922173
0.8564892971183553
0.8558791012728449
0.8552752824167331
0.8546781475115577
0.8540879707691313
0.853504996610763
0.8529294424358487
0.8523615011957868
0.8518013437349959
0.8512491207172582
0.8507049632943581
0.8501689774466266
0.8496407720694062
0.8491176387902065
0.8485984460340593
0.8480835594810773
0.8475733125971662
0.8470680082906923
0.8465679207753452
0.8460732975161377
0.8455843611845146
0.8451013115790713
0.8446243274877775
0.8441535684786374
0.8436891766036265
0.843231277949122
0.842779983593215
0.8423341319094366
0.841891713924641
0.8414522722270382
0.841016129429933
0.8405835802783125
0.8401548934189284
0.8397303130938794
0.8393100607390368
0.8388943364827743
0.8384833205449367
0.838077174534776
0.8376760426410018
0.8372800526953927
0.8368893170660754
0.836503933272714
0.8361239840213868
0.8357495355911052
0.8353806288820507
0.8350095192103458
0.8346380183391264
0.8342679900842255
0.8338997195865412
0.8335334709307146
0.833169487111773
0.8328079905275024
0.8324491837788267
0.832093250634667
0.8317403570670409
0.8313906522943095
0.8310442697909143
0.8307013282338452
0.8303619323614532
0.8300261737194058
0.8296941312603888
0.8293658717440183
0.8290414498397354
0.8287209077372459
0.8284042738253062
0.8280915592919813
0.8277827488885487
0.8274777674769414
0.8271745216364303
0.8268717892969867
0.8265697863487395
0.8262687541773002
0.8259689129900354
0.8256704640709375
0.8253735915595444
0.8250784639382075
0.8247852353265839
0.8244940466362077
0.8242050266122781
0.823918292772713
0.8236339522353889
0.8233521023813486
0.8230728311416966
0.8227947091615307
0.8225162696306643
0.8222379566751695
0.8219600320030376
0.8216827345204734
0.8214062822836539
0.8211308742364838
0.820856691770306
0.8205839001331474
0.820312649709814
0.8200430771894928
0.8197753066341359
0.8195094504584404
