0.5441900169732866
0.537620027737846
0.5320625945794815
0.5272570490510516
0.5230325895607668
0.5192650598566652
0.5158617310101241
0.5127631705265471
0.5099224186374225
0.5072997301329699
0.504859362308272
0.5025779961918638
0.5004355398129906
0.4984179887479172
0.4965128432935097
0.4947097071511353
0.4929986661862969
0.49137033811747405
0.4898197644159253
0.4883416341142373
0.4869314621248435
0.4855843423381365
0.4842946939499359
0.48305926064765387
0.48187047912395
0.4807267208145577
0.47962488288891325
0.4785602620269605
0.4775329400672524
0.47654116312026407
0.4755833185625643
0.4746578991199879
0.4737634500966787
0.4728916681184934
0.47203918425087693
0.4712106146804411
0.4704042505759274
0.4696193801279635
0.4688553350174389
0.4681114850350127
0.4673872336998926
0.46668201464207343
0.4659952885864301
0.4653265408235596
0.46467527908242834
0.4640410317400967
0.46342334631826293
0.46282178822841713
0.46223593974168237
0.4616653991886689
0.461109780497906
0.46056823798789853
0.46003928982434505
0.45952249188102295
0.459017607807405
0.4585244093841948
0.4580426748877733
0.45757218829060026
0.457112738831028
0.4566641207493887
0.4562261330989892
0.45579857958717884
0.4553812684177106
0.4549740121017328
0.45457662717216984
0.45418893361891755
0.4538107533593153
0.4534418645644836
0.45308159428477973
0.4527289796600514
0.45238391062359024
0.45204386086469955
0.45170916327836413
0.4513803406925175
0.4510573598670406
0.4507401822433915
0.4504287650852446
0.45012306226169324
0.4498230248225629
0.449528601447618
0.44923973881481116
0.44895638191293974
0.4486784743133788
0.4484059584096008
0.44813877562973153
0.447876866625148
0.4476201714363689
0.4473686296356231
0.44712218044281987
0.44688076280678685
0.44664431543341476
0.4464127767175953
0.44618608446674196
0.44596417506810365
0.4457469806520689
0.4455330860827762
0.4453213132305565
0.44511281407474945
0.4449076011536959
0.4447056826288426
0.4445070622797475
0.444311739612863
0.44411970997316674
0.44393096459957665
0.4437454905819422
0.4435632706725272
0.443384282879799
0.44320849971625625
0.4430358868509836
0.442866400635679
0.4426999832257514
0.4425365516303801
0.4423759669697838
0.4422157466521578
0.44205718280688416
0.4419003783480858
0.44174537084189747
0.4415921951081684
0.44144088330322634
0.4412914649899893
0.441143967204783
0.44099841452629057
0.4408548291489145
0.4407132309609057
0.44057363762662377
0.4404360646718749
0.4403005255712003
0.4401670318360416
0.4400355931028563
0.439906217220385
0.439778910335427
0.43965367697658875
0.4395305201355672
0.4394094413455972
0.4392904407567412
0.43917351720770614
0.4390586682938512
0.43894589043097365
0.43883517891431884
0.4387265279719846
0.43861993081141937
0.43851537965687726
0.43841286577407357
0.4383123794751695
0.4382139100904608
0.4381174458771985
0.4380229737924742
0.4379304789110509
0.4378397065759556
0.43774998010851324
0.437661319089107
0.4375737601473559
0.4374873370343758
0.43740208068982833
0.4373180193575297
0.43723517872405765
0.4371535820654228
0.4370732503934054
0.4369942025970502
0.4369164555771142
0.4368400243725603
0.43676492227891944
0.43669116095874505
0.43661875054455107
0.43654769973474256
0.4364780158830368
0.4364097050818875
0.43634277224038215
0.43627722115705725
0.436213054588032
0.43615027431083214
0.43608888118423217
0.4360288752044209
0.4359702555577596
0.43591302067037846
0.43585716825483484
0.4358026953540369
0.43574959838260774
0.4356978731658672
0.43564751497657345
0.4355985185695741
0.4355508782144827
0.43550458772651074
0.43545964049555386
0.4354160295136356
0.4353737474008077
0.4353327864295821
0.43529313854798357
0.43525479540129586
0.4352177483525664
0.43518198850194056
0.4351475067048802
0.43511429358932524
0.43508233957184633
0.43505163487284154
0.4350221695308132
0.4349939334157711
0.43496691624178807
0.4349411075787447
0.43491649686328543
