0.41849978888347017
0.41607565893500553
0.41395362189380763
0.41207725985551746
0.41040455246226676
0.40890314103744374
0.4075460502853565
0.4063140992301052
0.4051899108798517
0.40416010636876165
0.4032139356259162
0.4023423233230867
0.401537684137105
0.40079306421753746
0.4001021864231994
0.3994601442344637
0.3988627015529693
0.3983061213078918
0.3977867483694275
0.39730040563233787
0.3968439905803009
0.39641549571452334
0.39601298665207635
0.3956347362213795
0.3952791956210757
0.3949449701193741
0.3946307985510822
0.39433553600273
0.3940581391765142
0.393797654019216
0.3935532053011115
0.39332398795531004
0.39310926021540177
0.39290637981444393
0.392715101396835
0.3925355153712606
0.39236705457911775
0.39220918085684653
0.3920613770732344
0.3919231389915751
0.39179396889905554
0.39167260170210183
0.39155821712548516
0.39145126436167227
0.3913514597145481
0.39125853536491906
0.39117223811535995
0.39109232824093143
0.39101857843806354
0.390950772866808
0.39088870628118344
0.3908321832412586
0.39078101739993154
0.390735030857208
0.39069405357505077
0.3906579228463627
0.3906264828122681
0.3905995840225026
0.3905770830342876
0.3905588420456409
0.39054472855955225
0.39053461507587073
0.39052837880815616
0.3905259014230374
0.39052706879993315
0.3905317708092212
0.3905399011071612
0.3905513569460711
0.3905660389984118
0.3905838511935956
0.39060470056646396
0.39062849711650194
0.39065515367699283
0.39068458579342774
0.39071671161064014
0.3907514517683313
0.39078872930491804
0.390828469570161
0.39087060014802566
0.3909150507936411
0.39096175339502115
0.3910106419952084
0.39106110448864123
0.3911130641430497
0.39116650824400145
0.3912213972063362
0.39127769216132197
0.3913353549408703
0.39139434809224377
0.3914546348930007
0.3915161793590174
0.3915789462456868
0.3916429010440525
0.39170800997358257
0.39177423997281924
0.3918415586887374
0.391909934465317
0.3919793363316543
0.3920497339897925
0.39212109780240895
0.39219339878041776
0.3922666085705503
0.3923406994429453
0.39241564427877923
0.3924914165579524
0.3925679903468589
0.3926453402862527
0.392723441579221
0.39280226997928624
0.3928818017786389
0.392962013796522
0.3930428833677704
0.39312438833151364
0.3932065070200583
0.39328921824794155
0.39337250130117873
0.3934563359266984
0.3935407023219744
0.3936255811248567
0.3937109534036083
0.3937968006471441
0.3938831047554753
0.39396984803036805
0.39405701316620484
0.39414458324105794
0.3942325417079698
0.3943208723864429
0.39440955945413525
0.3944985874387599
0.39458794121019
0.3946776059727583
0.39476756725776435
0.39485781091616556
0.39494832311147005
0.3950390903128093
0.3951300992882034
0.3952213370979992
0.3953127910884918
0.3954044488857159
0.39549629838940603
0.39558832776712183
0.3956805254485326
0.39577288011985823
0.39586538071846084
0.3959580164275822
0.39605077667122685
0.39614365110917726
0.39623662963214873
0.39632970235707016
0.39642285962249024
0.3965160919841015
0.3966093902103901
0.39670274527838784
0.3967961483695398
0.3968895908656757
0.3969830643450827
0.3970765605786803
0.3971700715262871
0.39726358933298633
0.39735710632558074
0.3974506150091425
0.3975441080636498
0.39763757834072483
0.39773101886046874
0.3978244228084123
0.397917689694694
0.39801072027496615
0.39810349909697795
0.3981960300110438
0.3982883160266994
0.3983803596676463
0.3984721631255306
0.39856372833636294
0.3986550570235391
0.3987461507248069
0.3988370108108229
0.3989276384990075
0.3990180348646515
0.3991082008503406
0.3991981372743235
0.39928784483816815
0.39937732413392246
0.39946657565089544
0.3995555997821325
0.39964439683061664
0.39973296701522076
0.3998213104764262
0.3999094272818073
0.3999973174312872
0.40008498086217187
0.40017241745396154
0.4002596270329421
0.40034660937656297
0.4004333642176014
0.40051989124812104
0.40060619012323107
0.4006922604646414
0.40077810186403656
0.40086371388625147
0.40094909607227897
