0.8032845535261557
0.7912691701233779
0.7818503867358194
0.7740924059991868
0.76743677191673
0.7615653481011141
0.7562856694959827
0.751463545287467
0.7470125817007586
0.7428589444400686
0.7389505851364765
0.7352314721424097
0.7317058658483468
0.7283477395760259
0.7251320414080191
0.7220465967578541
0.719083516508262
0.7162348658658023
0.7134915657013992
0.7108339355023486
0.7082545091769088
0.7057524889885445
0.7033244708286437
0.7009638208563549
0.6986673114085014
0.696432692094418
0.6942579121449035
0.692141063040798
0.6900798195186898
0.68807091011603
0.6861115268245951
0.6842003101186485
0.682331058992582
0.6805033943921397
0.678700192167338
0.6769309993841273
0.6751962622868962
0.6734954705923816
0.671828115793786
0.6701937069727288
0.6685918049477695
0.6670215579483411
0.6654750174243227
0.6639548824482869
0.6624608012632438
0.6609924259205786
0.6595494045226958
0.6581313744556139
0.656737952478434
0.6553687102467233
0.6540181927267426
0.6526857905295003
0.6513731513824234
0.6500781939569489
0.6487997527528093
0.6475377146972489
0.6462921224445832
0.645063256708321
0.6438512277951709
0.642651736360507
0.641464904955664
0.6402908348275442
0.6391296064472837
0.6379812804190952
0.6368458986048171
0.6357234853592911
0.6346140488098678
0.6335175821380351
0.6324340648372981
0.631363463932179
0.6303057351506496
0.6292608240478216
0.6282286670834981
0.6272091926612168
0.6262023221432896
0.6252079708678803
0.6242260492170949
0.6232564638380094
0.6222991192632741
0.6213539206767729
0.6204201848504368
0.6194961079143021
0.6185810672024501
0.6176751448936025
0.6167784045623188
0.6158908936250806
0.6150126453019505
0.6141436802462358
0.6132840079360431
0.6124336278865601
0.6115925307210972
0.6107606991266491
0.6099381087124514
0.6091247287856626
0.6083205230557279
0.6075254502774734
0.6067394648422958
0.6059625173268645
0.6051945550097465
0.6044355223689893
0.6036853615794381
0.6029440130413336
0.6022114160024576
0.6014875094205271
0.6007722335006611
0.600065533760249
0.5993629148667698
0.5986662469366271
0.5979756892491954
0.5972913085329402
0.5966131618983016
0.5959412821397286
0.5952743171888379
0.5946114546770473
0.5939528270927025
0.5932985542010221
0.5926487438453926
0.5920034925856278
0.5913628862765212
0.5907270006274008
0.5900959017547407
0.5894696467279172
0.5888482841040156
0.5882318544468609
0.587620390826054
0.5870139192927842
0.5864124593301777
0.585816024276756
0.585224621722204
0.5846382538750502
0.5840569179020946
0.5834806062394512
0.5829093068749065
0.5823430036008752
0.5817816762364905
0.5812253008160629
0.5806738497389405
0.580127291871938
0.5795855925882835
0.5790487137125879
0.5785166133092672
0.5779892451698728
0.5774665575969591
0.576946578383166
0.5764276130753766
0.5759116798613741
0.5753988023776201
0.5748889801215795
0.5743821676481503
0.5738782129740089
0.5733757306877639
0.5728741680907617
0.5723744538241797
0.5718767334733358
0.5713811402732127
0.5708877961095464
0.5703968124310284
0.5699082910738776
0.569422325005995
0.5689389989995978
0.5684583902410598
0.5679805688857785
0.5675055985648119
0.5670335368489952
0.5665644356753602
0.5660983417399263
0.5656352968603253
0.5651753383112361
0.5647184991351853
0.5642648084309583
0.5638142916215829
0.563366970703624
0.5629228644793329
0.5624819887730421
0.56204435663304
0.5616099785200556
0.5611788624833609
0.5607510143254216
0.5603264377559242
0.5599051345359536
0.5594871046130178
0.5590723462475524
0.5586608561315054
0.5582526294995268
0.5578476602332677
0.5574459409592377
0.5570474631406436
0.5566522171635938
0.5562601924180265
0.5558713773736832
0.5554857596514375
0.555103326090251
0.5547240628100165
0.5543479552705168
0.5539749883267201
0.5536051462806008
0.5532384129296644
0.5528747716123312
0.5525142052503166
0.5521566963881188
