0.661967678647819
0.6512622813356741
0.642625872189661
0.6353337257760175
0.6289820040868214
0.6233170067995575
0.618170197270236
0.6134392971441974
0.6090595653745854
0.604975320042298
0.601144237577517
0.5975330439717395
0.594121701423709
0.5908864165864328
0.5878109526003542
0.5848758822762249
0.5820710963528315
0.5793868664678499
0.576814001742458
0.5743393809762369
0.5719562845343867
0.5696608404052231
0.5674468074815568
0.5653004817019498
0.5632209769691925
0.561203368670578
0.5592467085360826
0.5573469950604395
0.5554997582765514
0.5537041470130883
0.5519601562908162
0.550261850335258
0.5486071750754737
0.5469949616343446
0.545424160546238
0.5438924728505206
0.5423945149971121
0.540932173159487
0.5395037659816468
0.5381069799308001
0.5367411649288595
0.5354056888100627
0.5340999363457123
0.5328233099669736
0.5315752339995576
0.530355169219952
0.5291615235553947
0.5279926803792214
0.5268462620358428
0.5257160821518666
0.5246067560419647
0.5235180997277155
0.5224499249620846
0.521402044681827
0.5203742873235636
0.5193660995600828
0.5183760630979821
0.5174034742343768
0.5164481783064161
0.5155100062701852
0.5145887752229158
0.5136842879117509
0.5127963305052109
0.5119246651029578
0.5110670649413299
0.5102229673158428
0.5093931980258264
0.508577685317169
0.5077762239867427
0.506986252446127
0.5062077506272588
0.505440765906216
0.5046853255679121
0.5039414383595564
0.5032090961408748
0.502488275506991
0.5017789393260683
0.501081038167887
0.5003945116167456
0.4997192894704898
0.49905529283120115
0.49840243509430826
0.4977606228426411
0.4971297566506704
0.4965097318018005
0.4959004389175615
0.4953017644902961
0.49471359129666576
0.49413579863776613
0.4935682622718879
0.49301085366543523
0.49246343724813235
0.49192511421599977
0.4913934337380451
0.4908695844455568
0.4903535720116366
0.4898453960311831
0.48934504963312375
0.48885252027170184
0.488367817040335
0.48789093303488706
0.4874203176977988
0.48695601357499074
0.48649805536736285
0.48604647010548974
0.4856012773608243
0.48516248952753627
0.4847301121665357
0.484304144393127
0.4838845792903543
0.4834714043335634
0.48306460181541705
0.48266414926386114
0.482270019848293
0.4818821827715489
0.4815006036473546
0.481125244863005
0.4807560659047854
0.48039287781713186
0.48003474600466106
0.4796814322966637
0.47933296700491623
0.4789893732354407
0.47865066744298046
0.47831685998398266
0.47798795564498636
0.4776639541374282
0.4773448505565705
0.47703063580533484
0.47672129698521076
0.47641681775697725
0.4761171786741875
0.47582235749244384
0.47553232945756746
0.47524706757594354
0.47496654287070866
0.47469072462821205
0.474419580640613
0.47415307745316926
0.47389118062992364
0.47363385506190814
0.47338106536451974
0.47313277646452734
0.47288895462393493
0.4726495696318695
0.4724146010443036
0.47218330686170223
0.4719539925886264
0.471727386936298
0.47150354301693054
0.4712825072663576
0.47106431988858877
0.47084901530183104
0.4706366225682083
0.4704271658012622
0.4702206645493747
0.4700171341547729
0.46981658608846566
0.4696190282618801
0.469424465316227
0.46923289889079556
0.46904432787146405
0.4688587486207445
0.4686761551906678
0.46849653951975956
0.46831989161531506
0.4681461997221046
0.46797545047857764
0.46780762906157713
0.4676427193205186
0.4674807039019596
0.4673215643654653
0.46716528129169094
0.46701183438367005
0.46686120256244146
0.46671336405843084
0.466568296500571
0.4664259770062239
0.46628638227726854
0.4661494887128057
0.46601527256181363
0.465883710177101
0.46575477857615805
0.46562670890386926
0.4654991275900544
0.4653731776350903
0.4652488929685769
0.465126303353102
0.4650054346113569
0.46488630889037325
0.4647689449221291
0.46465335826921705
0.4645395615535944
0.4644275646689522
0.4643173749776839
0.4642089974933379
0.46410243504927057
0.46399768845410166
0.46389475663449103
0.46379363676570634
