0.9656006117833443
0.9523812580725667
0.9454601570036077
0.9408235711260128
0.9371079890130487
0.933795168851814
0.9306889829247101
0.9276926817583114
0.9247580967053387
0.9218699951781143
0.9190336176982479
0.9162396485145556
0.9134961669872932
0.9107892533747545
0.9081271169035444
0.9054804844960607
0.9028709490197664
0.9002924011219027
0.8977469697616469
0.8952324356907284
0.8927527087598017
0.8903038307559449
0.8878908315265832
0.8855128922456698
0.883163135900486
0.8808414028071182
0.8785503484448303
0.8762788498134336
0.8740259398875045
0.8717992965388454
0.8696005982902658
0.8674290384352412
0.8652808955889816
0.8631519795542361
0.8610453990313371
0.8589604388623947
0.8568963080820255
0.854850537398745
0.85282729848964
0.8508279611826041
0.8488508657376603
0.8468966550184608
0.844968171282693
0.8430636093760111
0.8411825694812494
0.8393259658119119
0.837491222369608
0.8356766716495663
0.8338804539485122
0.8321030595643341
0.8303427694445507
0.8285983554569439
0.8268714807709588
0.8251635160496295
0.8234767375900139
0.821803417456403
0.8201416975263687
0.8184944379407693
0.8168629701614719
0.8152483977386581
0.813645201940985
0.8120551562678661
0.8104710908038589
0.8088974105022733
0.8073356710814575
0.8057870739601407
0.8042526358723849
0.80273327687299
0.801226920376638
0.7997149259404529
0.7982106211716461
0.7967154475408547
0.7952307033441584
0.7937538713484583
0.7922849407216903
0.7908250109749324
0.7893750417073278
0.7879358662672905
0.7865082042113652
0.785092672005191
0.7836897912717816
0.7822999930181381
0.7809236129013986
0.7795608557238559
0.7782096697783468
0.7768691624332785
0.7755397632404403
0.7742220111813012
0.7729163980082909
0.7716217066573287
0.7703360029176001
0.7690593686209877
0.7677923817011081
0.7665355419076456
0.7652892798897225
0.764053965129232
0.7628299128762434
0.7616173902233376
0.7604166214374358
0.7592277926499502
0.7580510559902852
0.7568865332341105
0.7557343190264546
0.7545944837304671
0.7534670759463785
0.7523521247450665
0.7512496416818617
0.750159622782252
0.7490819606745027
0.7480155994878264
0.7469585385742732
0.7459085010192692
0.7448648643056865
0.7438282609190686
0.7427991277696724
0.7417778445544063
0.7407647379168403
0.7397574676701788
0.7387554386215539
0.7377591058053001
0.7367689448566324
0.7357853972739089
0.7348071380194076
0.7338331187386914
0.73286370673796
0.7318993965313555
0.730940627147541
0.729987787659799
0.7290412221196519
0.7281012340194444
0.7271680903754258
0.7262420255115141
0.7253232446371338
0.724411927368045
0.7235082315026043
0.72261229789735
0.7217242595369251
0.7208420609930912
0.7199645950978827
0.7190924921023387
0.718226041358567
0.7173654919018568
0.716509495791251
0.7156570610687737
0.7148083588660132
0.7139637768858383
0.7131236617776128
0.7122883223789317
0.7114580328958499
0.7106330359050288
0.709813545103712
0.7089997477486125
0.7081918067024252
0.7073898619004222
0.7065940306565412
0.7058044043817836
0.7050209132233501
0.7042414985528745
0.7034656523622809
0.7026936768915343
0.7019258423138698
0.7011623895664437
0.700403532998116
0.6996494628125035
0.6989003473027933
0.6981563348854267
0.6974175559453665
0.6966841245081268
0.6959561397543835
0.6952336873925494
0.6945168409038207
0.6938056626731024
0.6931002050181958
0.6924005111287518
0.6917066159259234
0.6910185468535478
0.6903363246122989
0.6896599638501646
0.688989473827009
0.6883248590807062
0.6876661201445705
0.687013254419527
0.6863662574191308
0.6857249620216438
0.6850877894656777
0.6844545844433839
0.6838254761949091
0.683200580174613
0.6825799989807197
0.6819638232664205
0.6813521326274804
0.6807449964581873
0.6801424747681427
0.6795446189544474
0.6789514725260593
0.6783630717790349
0.6777794464228685
0.6772006201592209
0.6766266112150556
0.6760574328326361
