0.33555960147834624
0.3336490752956536
0.3319625068252203
0.330456815575914
0.3291005930297154
0.3278699630539065
0.32674634659448176
0.3257152982449011
0.32476509168863404
0.3238861452040014
0.3230705266344449
0.32231159280040905
0.32160372203137083
0.3209421125590491
0.32032262832961395
0.31974167950113896
0.31919612868146746
0.31868321652679027
0.3182005020868916
0.3177458145165451
0.3173172136472238
0.31691295754702964
0.3165314165668892
0.31617099651526526
0.31583031739885864
0.3155082030922051
0.3152035790970165
0.31491546130533643
0.31464294753198985
0.31438512195529306
0.31414095675082643
0.31390965570685464
0.31369056320170124
0.31348307036874545
0.31328661061502866
0.31310065571314627
0.312924712330545
0.3127583189404621
0.31260104306944264
0.3124524788402849
0.3123122447736645
0.3121799818163265
0.3120553515681146
0.31193803468390413
0.31182772942982173
0.31172415037591217
0.31162702720978336
0.31153610365777545
0.3114511365019165
0.31137189468235926
0.3112981584762625
0.3112297187450938
0.3111663762432308
0.31110794098142613
0.3110542316391952
0.3110050750203918
0.310960268690079
0.3109194855338691
0.31088258235567995
0.3108494204425955
0.31081986708404497
0.31079379515657396
0.3107710827852978
0.3107516130458118
0.3107352736940291
0.3107219569186513
0.3107115591132193
0.31070398066549115
0.3106991257622754
0.31069690220807883
0.3106972212561724
0.31069999745082094
0.31070514847961384
0.31071259503493365
0.3107222606837295
0.31073407174485446
0.31074795717330106
0.3107638484507462
0.31078167948187396
0.3108013864960064
0.31082290795361883
0.3108461844573677
0.3108711586673034
0.31089777521998796
0.31092598065127836
0.3109557233225937
0.31098695335052895
0.31101962253974247
0.3110536843191297
0.31108909368140464
0.3111258071263686
0.31116378260842714
0.3112029794893772
0.31124335849843127
0.31128488170341684
0.3113275125019615
0.3113712156559206
0.3114159551935397
0.3114615589381087
0.3115079370119841
0.3115550602928745
0.3116028997622049
0.3116514263147787
0.31170061055773723
0.3117504225982236
0.31180083178077506
0.3118518063101819
0.311903312600281
0.31195531379884595
0.31200761848463987
0.31206015603145193
0.3121130795899377
0.31216637616306736
0.31222003307091567
0.3122740378984307
0.31232837846906764
0.31238304282914914
0.31243801923764253
0.3124932961591347
0.31254886225885636
0.3126047063990687
0.3126608176363477
0.3127171852194663
0.3127737985876421
0.3128306473690077
0.31288772137919346
0.31294501061995805
0.31300250527781226
0.3130601957226084
0.3131180725060724
0.313176126360276
0.31323434819603235
0.3132927291012197
0.3133512603390358
0.3134099333461793
0.31346873973096984
0.3135276712714076
0.3135867199131765
0.3136458777675958
0.3137051371095337
0.3137644903752738
0.3138239301603525
0.3138834492173628
0.3139430404537387
0.31400269692951305
0.3140624118550592
0.31412217858882335
0.3141819906350461
0.31424184164147434
0.31430172539707524
0.3143616358297458
0.31442156700402846
0.3144815131188297
0.3145414685051452
0.31460142762379756
0.3146613850631828
0.31472133553703185
0.3147812738821827
0.3148411950563783
0.31490109413607126
0.31496096631425435
0.31502080689831424
0.31508061130789833
0.3151403750728084
0.3152000938309214
0.31525976332612926
0.31531937940630234
0.3153789380212856
0.31543843522091397
0.31549786715305767
0.3155572300616955
0.3156165202850118
0.3156757342535248
0.31573486848824217
0.31579391959884223
0.31585288428188835
0.3159117593190683
0.3159705415754633
0.3160292279978449
0.3160878156130039
0.31614630152610423
0.31620468291906895
0.3162629570489878
0.3163211212465653
0.3163791729145868
0.31643710952641707
0.31649492862452694
0.3165526278190483
0.3166102047863551
0.3166676572676738
0.3167249830677214
0.31678218005337017
0.316839246152338
0.3168961793519084
0.31695297769767394
0.31700963929230785
0.31706616229436396
0.3171225449170956
0.3171787854273058
0.3172348821442249
