0.34912355973747206
0.34705931497739795
0.34526226342675287
0.34368144533183426
0.34227929468156787
0.34102670638983057
0.3399009472614751
0.3388838872598566
0.33796020556324974
0.3371182136583237
0.3363480758296999
0.33564159982992847
0.3349918994892005
0.3343931376603791
0.3338403278575339
0.3333291794190841
0.3328559753286909
0.3324174746415901
0.33201047140541756
0.33163199486351874
0.33128006404955773
0.33095269416014067
0.3306481130601782
0.3303647321342636
0.33010112185028334
0.3298559911507287
0.3296281699056739
0.3294165936297569
0.3292203233012159
0.3290385209518894
0.32886990468898625
0.32871373771723245
0.3285692966098786
0.3284356717113626
0.328312161102936
0.3281982350720731
0.3280934029938149
0.32799720923672687
0.32790922968316577
0.3278290687185391
0.3277563565970458
0.32769074711972085
0.32763191557694565
0.3275795569178493
0.32753338411608246
0.32749312670659664
0.3274585294720511
0.32742935126066297
0.3274053639198944
0.32738635133252214
0.32737210854342963
0.3273624409669664
0.32735716366599504
0.32735610069483817
0.3273590844992371
0.3273659553672173
0.32737656092538175
0.3273907556756437
0.3274084005676973
0.32742936260254196
0.32745351446172316
0.3274807341547002
0.3275109046689391
0.3275437761151892
0.3275789523721485
0.3276163462224937
0.32765587919636613
0.32769747565019475
0.3277410626110459
0.327786569657853
0.32783392881482354
0.3278830744492523
0.32793394317201163
0.3279864737409454
0.328040606967772
0.32809628562900767
0.32815345438120996
0.32821205968063416
0.32827204970725765
0.3283333742930348
0.3283959848541833
0.3284598343272871
0.3285248771089772
0.32859106899896506
0.3286583671462017
0.32872672999795655
0.3287961172516079
0.32886648980897176
0.3289378097329867
0.329010040206599
0.3290831454937078
0.32915709090202416
0.32923184274772804
0.3293073683218077
0.3293836358579731
0.32946061450205744
0.32953827428280785
0.32961658608399574
0.3296955216177763
0.3297750533992334
0.3298551547220553
0.3299357996353076
0.33001696292126564
0.3300986200742986
0.3301807472808166
0.33026332140031667
0.3303463199476486
0.33042972107668134
0.33051350356579523
0.33059764680600834
0.33068213079361636
0.3307669361323491
0.33085195230856984
0.33093707901463626
0.331022286881585
0.3311075651431582
0.33119290340540963
0.33127829159786104
0.3313637199370269
0.331449178897661
0.3315346591894817
0.3316201517381346
0.33170564766956817
0.3317911382971963
0.33187661511134336
0.33196206977055054
0.3320474940943891
0.3321328800574923
0.3322182197845655
0.3323035055461839
0.33238872975521894
0.3324738849637708
0.3325589638605107
0.33264395926835155
0.33272886414239167
0.3328136715680893
0.332898374759627
0.33298296705845165
0.3330674419319684
0.3331517929723864
0.3332360138957067
0.3333200985408629
0.3334040408690087
0.3334878349629748
0.3335714750268957
0.33365495538602546
0.3337382704867556
0.333821414896845
0.3339043833058876
0.33398717052601334
0.3340697714928443
0.33415218126669743
0.3342343950340294
0.33431640810909585
0.33439821593575975
0.33447981408936234
0.33456119827844416
0.3346423643459733
0.33472330826936003
0.3348040261577494
0.3348845142428649
0.33496476885223503
0.3350446523745925
0.33512413459933943
0.3352032422022903
0.33528197824061534
0.3353603458109103
0.3354383480146785
0.3355159879281739
0.3355932685789563
0.3356701929288956
0.33574676386256336
0.3358229841798491
0.335898856591768
0.33597438371863236
0.3360495680899505
0.33612441214556543
0.3361989182376691
0.3362730886334311
0.3363469255180311
0.33642043099796054
0.3364936071044734
0.33656645579711336
0.33663897896725814
0.33671117844163106
0.3367830559857552
0.33685461330732475
0.33692585205947756
0.33699677384395565
0.3370673802141503
0.3371376726780231
0.3372076527009029
0.3372773217081612
0.33734668108775656
0.3374157321926627
0.3374844763431732
0.33755291482908983
0.33762104891179656
0.33768887982622364
0.33775640878270435
