0.3677483380903933
0.365642354992323
0.3638286019596285
0.36224705732418977
0.36085364809094195
0.35961514418656304
0.3585062085732809
0.35750677461324415
0.35659788677538207
0.3557694774529079
0.35500874047072545
0.35430697614202944
0.35365835999627615
0.3530570506546142
0.3524981168861783
0.35197737380262
0.35149129172649524
0.3510355991945404
0.3506080437709054
0.35020504373723066
0.3498248594183147
0.3494663480342495
0.34912811385784953
0.34880810715211436
0.34850493682499134
0.34821753933851246
0.34794496150909077
0.3476863451313169
0.34744091410205974
0.3472079636153734
0.34698685105808524
0.3467769883034681
0.346577835158908
0.34638889377080145
0.3462097038275318
0.34603983843123465
0.34587890053285036
0.3457265198440898
0.3455823501554983
0.345446067002681
0.3453173656337406
0.3451959592408699
0.3450815774287982
0.34497396490403537
0.3448728803846468
0.3447780957579202
0.3446893955721541
0.3446065770999433
0.3445294516902618
0.3444578501954283
0.3443910340095255
0.3443284993435084
0.3442703338939015
0.3442164064221687
0.3441665910114463
0.34412076674659087
0.3440788174107335
0.34404063120170547
0.34400610047171365
0.3439751214898175
0.34394759422578564
0.3439234221542008
0.343902512078613
0.34388477397752454
0.34387012087917557
0.3438584609308784
0.34384956706027214
0.3438431713652902
0.34383921169989934
0.3438376273237945
0.34383835896777615
0.3438413488222471
0.3438465404980274
0.34385387897878267
0.34386331057249697
0.34387478286471834
0.34388824467446855
0.34390364601300066
0.34392093804529594
0.3439400730541137
0.3439610044063646
0.3439836865215938
0.34400807484235835
0.34403412580631704
0.34406179681985627
0.3440910462330977
0.3441218333161522
0.3441541182364939
0.3441878620373519
0.34422302661701587
0.3442595747089775
0.3442974698628249
0.34433667642583315
0.3443771595251834
0.34441888505076174
0.34446181963849276
0.34450593065417007
0.3445511861777373
0.34459755498800243
0.34464500654774605
0.34469351098920264
0.344743039099894
0.3447935623087938
0.3448450526728057
0.34489748286354
0.3449508261543753
0.34500505640779283
0.34506014806297175
0.34511607612363987
0.3451728161461605
0.34523034422786225
0.3452886369955939
0.34534767159450086
0.3454074256770191
0.3454678773920797
0.34552900537452164
0.34559078873470367
0.345653207048318
0.3457162403463956
0.34577986910550285
0.3458440742381281
0.3459088370832521
0.3459741393970996
0.34603996334406945
0.3461062914878455
0.34617310678267516
0.3462403925648264
0.3463081325442072
0.3463763107961558
0.34644491175339465
0.34651392019814314
0.3465833212543918
0.346653100380335
0.34672324336095106
0.3467937363007388
0.34686456561660217
0.34693571803087636
0.3470071805644965
0.34707894053030125
0.34715098552647083
0.34722330343008445
0.34729588239078807
0.347368710824556
0.34744161700105597
0.3475145568029918
0.34758755027234056
0.3476605959575161
0.3477336922105317
0.34780683716886485
0.3478800287559629
0.3479532646906105
0.3480265425004325
0.34809985953714156
0.348173212992301
0.3482465999129366
0.34832001721664085
0.34839346170597585
0.34846693008209356
0.34854041895751364
0.3486139248680794
0.34868744428409176
0.34876097362065206
0.34883450924725234
0.34890804749664983
0.3489815846730669
0.3490551170597566
0.3491286409259745
0.3492021525333939
0.3492756481420066
0.3493491240155387
0.3494225764264163
0.3494960016603165
0.34956939602033116
0.34964275583076365
0.34971607744060074
0.34978935722666454
0.3498625915964837
0.3499357769908914
0.3500089098863773
0.3500819867972119
0.3501550042773514
0.35022795892215003
0.3503008473698841
0.35037366630311073
0.350446412449862
0.35051908258469866
0.35059167352962567
0.3506641821548795
0.35073660537960266
0.35080894017240866
0.35088118355184644
0.35095333258677225
0.35102538439663716
0.35109733615169525
0.35116918507313566
0.3512409284331529
0.35131256355494755
0.3513840878126762
0.35145549863134384
0.3515267934866503
