0.45639563267040056
0.45024434187301987
0.44500535419676174
0.4404557578363987
0.4364430710470448
0.4328593931722861
0.429626002050715
0.4266837074138471
0.42398721386137267
0.42150095681055505
0.4191953531897871
0.41704716218164156
0.41504001665545315
0.4131583484013395
0.4113889300672484
0.40971969256472335
0.4081420469470212
0.4066487381869442
0.40523204083054865
0.4038859487697504
0.4026024803988552
0.4013749728718717
0.40020260431766497
0.3990820718459219
0.39801043630865973
0.39698507210297146
0.39599984960070705
0.39505404593489074
0.3941461235473345
0.39327018683771137
0.39242472851175947
0.3916093312968124
0.390823091825085
0.3900647864879584
0.3893332782299718
0.3886275074012152
0.3879464841445935
0.38728928217402675
0.3866550339891182
0.3860429279707099
0.38545056474034306
0.3848775042071252
0.3843233701266423
0.3837875710254203
0.38326955153129577
0.38276879433086336
0.3822848303457812
0.3818172067887208
0.38135940922593164
0.38091526586387175
0.38048443376465935
0.38006657860218174
0.3796613758087643
0.37926851101747394
0.37888768008535567
0.37851858889339324
0.378160953042969
0.37781449751870116
0.37747895635964485
0.3771540723700084
0.37683959690758123
0.3765352898312488
0.37624091986370206
0.3759561155565419
0.37567936136938285
0.37541100707200564
0.3751508943912313
0.37489886876683554
0.3746547786364808
0.3744184755139481
0.3741898143876688
0.3739686547933903
0.3737541204918202
0.3735449505212691
0.37334206446919355
0.3731453575845421
0.3729547249097374
0.3727700611722713
0.37259126079862354
0.37241821797621816
0.37225082673508275
0.37208898103893107
0.37193257488308
0.3717815024003014
0.37163565797786097
0.3714949363906473
0.3713592329570441
0.3712284437265856
0.37110246571235345
0.370981197188399
0.370864538087805
0.3707523905733076
0.3706446599522738
0.3705412564518125
0.37044210012147066
0.3703465865357597
0.3702544323903857
0.37016559257604137
0.37008001377049177
0.36999763218129994
0.3699183708488635
0.3698421345096353
0.36976879865180146
0.36969640221275135
0.3696261131078297
0.3695582828645381
0.36949291773626824
0.36943002057796537
0.3693695910938632
0.3693116261155016
0.36925611987803636
0.36920306428236904
0.36915244913854234
0.36910426238919936
0.3690584903130526
0.3690151177077499
0.3689741280485383
0.3689355036103602
0.36889922551477516
0.36886527357306037
0.36883362541351195
0.3688042520292532
0.36877640713428866
0.3687486596289378
0.3687222378836088
0.36869716206997205
0.36867344969209204
0.3686511156344114
0.3686301722669453
0.3686106295787868
0.36859249532352495
0.3685757751673229
0.36856047283449644
0.36854659024780984
0.36853412766206206
0.3685230837903464
0.36851345592280893
0.36850524003800783
0.36849843090711293
0.36849302219126756
0.3684890065324701
0.36848637563834363
0.3684851203611669
0.3684852307715236
0.36848669622691305
0.36848950543565323
0.3684936465163888
0.3684991070534889
0.36850587414861813
0.3685139344687305
0.3685232742907322
0.36853387954303507
0.3685457358442131
0.3685588285389563
0.3685731427315046
0.36858866331673756
0.36860537500906915
0.36862326236930615
0.3686423098296011
0.368662501716634
0.3686838222731362
0.36870625567787585
0.36872978606420165
0.3687543975372479
0.3687800741898874
0.36880680011751665
0.3688345594317536
0.36886333627311957
0.3688931148227726
0.36892387931335685
0.3689556140390271
0.36898830336470195
0.36902193173459724
0.36905648368009236
0.36909194382696137
0.3691282969020283
0.3691655277392679
0.36920362128540124
0.36924256260501254
0.369282336885222
0.36932292943994227
0.36936432571374833
0.36940651128538765
0.36944947187094834
0.3694931933267202
0.36953766165175744
0.3695828629901741
0.36962878363318685
0.3696754100209259
0.3697227287440295
0.36977072654504406
0.3698193903196437
0.36986870711769215
0.36991866414415553
0.36996924875989695
0.37002044848236365
0.3700722509861903
0.3701246441037476
0.3701776158256612
0.37023115430133585
