0.6172168791207377
0.6073090540204289
0.5992489421002908
0.5923880158811327
0.5863731316628004
0.5809868457652506
0.5760920954223802
0.5715932834089426
0.5674263142088288
0.5635401715162383
0.5598935000167194
0.5564597789946489
0.5532117966697627
0.5501158753396844
0.5471675046038823
0.54435428057925
0.5416602059839071
0.5390769292368884
0.5365921036825747
0.5341942892593486
0.5318751923375027
0.5296295758421861
0.5274512268956271
0.5253393014773665
0.5232907086301073
0.5213004361730308
0.5193671552028823
0.5174879810380423
0.5156592290851817
0.5138784180985538
0.5121408384250474
0.5104464783937749
0.508794081703755
0.5071823770403326
0.505609346984827
0.5040707363709881
0.5025663072372428
0.5010951657374588
0.49965558384114295
0.49824603432006787
0.4968618304253525
0.4955047294287094
0.4941744301110028
0.49286871326935805
0.4915869626127379
0.4903276090048127
0.4890896920852738
0.48787308031391696
0.4866776202159917
0.4855031377919399
0.48434944021559534
0.48321631759431904
0.48210354464639105
0.4810108821823816
0.47993807825494206
0.4788848687051669
0.4778509762939608
0.47683371952203196
0.4758314568502969
0.47484582435957623
0.4738766931616731
0.472923923122909
0.4719873635435007
0.4710668537254643
0.47016222336269026
0.46927329238102466
0.468399869048013
0.46754163075149535
0.4666976136006774
0.4658652386175314
0.46504458393946224
0.46423572500349414
0.46343866446987136
0.4626533896584174
0.4618798740070073
0.46111807869033056
0.4603679542952549
0.45962944256529153
0.4589024783204748
0.4581869918054713
0.45748291206945696
0.4567901730671954
0.4561087286972183
0.4554375534519562
0.45477382651541676
0.4541192798516258
0.4534739227620859
0.45283775182755515
0.45221075231093916
0.45159289941239267
0.450984159372496
0.45038449044743456
0.44979384377630033
0.44921216415235327
0.4486393907017973
0.4480754574635616
0.44752029384574815
0.44697382489152737
0.4464359711548601
0.4459066474284705
0.4453831922014072
0.44486592791381174
0.4443558944763502
0.4438530888799333
0.443357499886212
0.44286910826074366
0.44238788714094945
0.4419138023250796
0.4414468123686635
0.4409868683453009
0.4405339129855263
0.4400878784914332
0.43964868091892995
0.43921537178263204
0.4387876566283191
0.43836572153823083
0.43794959754796337
0.43753930731334
0.437134865280757
0.43673627860867503
0.4363435492913886
0.43595633824224955
0.4355728254457696
0.43519408314335134
0.4348201633113353
0.4344511085382684
0.4340869527264806
0.433727721797261
0.4333734343762978
0.4330241024444624
0.4326797319458876
0.4323403233501557
0.43200587216857
0.43167636942633864
0.43135180209348795
0.43103215347774143
0.4307174035826813
0.43040752943440486
0.43010250537967326
0.4298023033583137
0.4295068931523763
0.42921624261431274
0.4289303178762298
0.42864908354207815
0.42837250286448203
0.42810053790778957
0.42783314969882374
0.427570298366762
0.4273119432735538
0.42705804313632445
0.4268085561433255
0.4265634400652092
0.4263226523637898
0.42608615030109037
0.4258538910525635
0.42562583183023994
0.42540193002487514
0.42518214338235893
0.4249664302419384
0.4247547498901994
0.4245470631476728
0.42434333347770076
0.4241435294891657
0.42394763243284933
0.42375433004860763
0.42356319972987677
0.4233748601641451
0.42318933170674256
0.4230066309104836
0.4228267705516091
0.4226497597786592
0.4224756043207676
0.42230430671491337
0.42213586652960183
0.42197028057167546
0.42180754306556173
0.4216476457902782
0.4214905781436565
0.4213363270563207
0.4211847120249258
0.4210353464235165
0.42088804308481403
0.4207428298066019
0.42059973170460374
0.4204587708654569
0.42031996625031925
0.4201833337313267
0.42004888619912845
0.41991663370780974
0.4197865836381191
0.4196587408678474
0.419533107942687
0.41940968524354044
0.41928847114785134
0.4191694621835578
0.41905265317490165
0.4189380373797707
0.4188256066185207
0.4187153513944095
0.41860726100589996
