0.41263856689254114
0.4077176001220777
0.40354500322320275
0.3999317045149172
0.3967495928279482
0.3939117674963414
0.39135326625698846
0.38902618628905095
0.3868948902447067
0.38493114448034765
0.38311295081038255
0.3814222960753267
0.3798429902468783
0.378361844963759
0.37696944506179375
0.3756573276311483
0.3744181108157145
0.37324570556904835
0.372135079135237
0.3710789443226439
0.3700719583255411
0.36911359225195683
0.3682004139803761
0.3673291401990481
0.3664967502596537
0.3657000533504805
0.3649377059078238
0.3642080397152982
0.36350953430992433
0.3628407977464574
0.3622005495988028
0.36158597470633763
0.3609962031626448
0.36043028735488414
0.35988730590640966
0.35936639082702304
0.35886671662485103
0.3583866322926983
0.357924781695627
0.3574811663189646
0.35705519603563596
0.3566463113099293
0.35625398031894484
0.3558776969493396
0.3555169796852128
0.3551713721765021
0.3548400121410081
0.3545205608453157
0.3542138695262671
0.35391959360294
0.3536373999045151
0.35336715534579555
0.35310810718517815
0.3528593432786979
0.3526206252797425
0.3523917197612919
0.35217239769749276
0.3519624329925824
0.35176123226762324
0.3515682175520497
0.3513831492315577
0.35120587451080315
0.3510362408300872
0.3508740962392948
0.35071928965912347
0.35057167107201215
0.3504310916659695
0.3502974039449573
0.35017046181433437
0.35005012064688906
0.3499362373331745
0.349828670318716
0.3497272796298734
0.3496319268895698
0.34954247532360244
0.3494587897577028
0.3493807366047972
0.3493081838407867
0.34924100096521166
0.349179058939529
0.3491222300884856
0.349070387934344
0.34902340689585915
0.34898116167794585
0.34894352580785093
0.3489102046026454
0.3488807325775265
0.34885505464393085
0.3488331096843297
0.3488148357792714
0.34880017003369385
0.3487890485656925
0.34878140681310554
0.3487769354065286
0.3487752901759916
0.3487763596147242
0.34878012512818013
0.3487865663725325
0.34879566103367665
0.34880738485284196
0.348821711750625
0.3488386139885236
0.34885806234100736
0.3488800262655479
0.348904474064714
0.34893137303776606
0.3489606896209299
0.3489923895164672
0.34902643781116793
0.34906279908516435
0.3491014375121563
0.3491423169522858
0.3491854010391687
0.3492306532630395
0.3492780370529489
0.34932751586308086
0.34937905327351454
0.3494326131305824
0.3494881598045039
0.3495452538836773
0.34960279761157403
0.34966168540541276
0.3497219163451698
0.3497834873900587
0.3498463934940849
0.34991062778736526
0.3499761817780579
0.3500430455574572
0.3501112080053458
0.3501806570017463
0.35025137966054376
0.3503233626163271
0.35039659243121735
0.35047105628178443
0.3505467433803809
0.3506236487880832
0.3507017890635095
0.3507806058589579
0.3508599774551618
0.35093992671002455
0.351020465088267
0.3511016022385471
0.3511833460258001
0.35126570261417367
0.35134867657124264
0.3514322709792747
0.3515164875464977
0.3516013267148653
0.3516867877626278
0.35177286890096005
0.35185956736441737
0.3519468794952754
0.35203480082195965
0.3521233261318535
0.352212449538815
0.35230216454573676
0.35239246410248914
0.35248334065957104
0.3525747862177756
0.35266679237416093
0.35275935036459816
0.35285245110314734
0.352946085218494
0.3530402430876612
0.35313491486719273
0.35323009052199883
0.35332575985202475
0.35342191251690286
0.3535185380587309
0.3536156259231118
0.3537131654785766
0.35381114603450264
0.3539095568576377
0.3540083871873236
0.35410762624951
0.354207263269648
0.354307287484533
0.35440768815317847
0.3545084545667806
0.3546095760578427
0.3547110420085133
0.3548128418581966
0.35491496511048254
0.3550174013394429
0.3551201401953468
0.35522317140982235
0.35532648480051615
0.3554300702752791
0.355533917835916
0.35563801758153046
0.3557423597114928
0.35584693452806176
0.3559517324386861
0.3560567439580126
0.35616195970962233
0.35626737042752193
0.35637296695741283
0.3564787402577602
0.3565846814006848
0.3566907815727066
