0.35462042579325115
0.3528766979516371
0.3513821697264002
0.3500845361921179
0.34894603276113595
0.3479376568084978
0.3470373896852313
0.3462282726777522
0.34549715141423626
0.3448334424402787
0.3442283932870377
0.34367494668778237
0.3431673754327652
0.3426997995670986
0.34226847776264185
0.34187000618594643
0.34150144709360747
0.3411602685456911
0.34084427305298026
0.34055154223774275
0.34028022706746547
0.3400285022345466
0.3397949942753268
0.33957851847460535
0.3393780111238507
0.3391924481391361
0.33902066821331234
0.3388616068199387
0.3387145557056649
0.33857886629733436
0.33845394206806195
0.33833914522673153
0.33823367061914017
0.3381369544813844
0.3380485805568869
0.3379681616732139
0.3378953365808602
0.33782976697500494
0.3377711346238484
0.3377191382661214
0.33767348919373946
0.3376337353306484
0.33759920718497605
0.33756991727520697
0.3375456706205448
0.3375262820076058
0.3375115755819038
0.33750138423939324
0.3374955489955534
0.33749391838603193
0.3374963479130035
0.3375026995382247
0.33751284121945735
0.33752664648561237
0.3375439940456111
0.33756476742581853
0.33758885463061317
0.33761614781995236
0.3376465429962297
0.3376799396895615
0.33771624062403166
0.3377553513329184
0.3377971796557054
0.3378416349507344
0.3378886265094133
0.3379380588588745
0.33798925459051193
0.33804230513624794
0.33809721704071505
0.33815394153773
0.33821243097031306
0.33827263883105335
0.338334519765452
0.33839802956781073
0.33846312518005667
0.33852976469848756
0.33859790739273643
0.33866751374308973
0.3387385455071542
0.33881096583855963
0.3388847395122146
0.33895983341930375
0.33903598530971313
0.3391130416655458
0.3391910026829164
0.33926984648391684
0.33934955104701753
0.3394300942044637
0.3395114536287676
0.339593606792835
0.3396765308996767
0.3397602027993652
0.33984459918977494
0.33992946167394217
0.3400147129218854
0.3401003460991277
0.3401863576023827
0.3402727432067895
0.3403594980990622
0.34044661692647377
0.34053409384789074
0.3406219225829248
0.34071009645817124
0.3407986084503517
0.34088745122644826
0.34097661718099426
0.3410660984707166
0.3411558870467336
0.3412459746845077
0.34133635301174375
0.3414270135344361
0.3415179476612341
0.341609146726315
0.3417006020109334
0.3417923047638169
0.3418842462205839
0.34197641762236203
0.3420688102338064
0.34216141536074896
0.342254224367785
0.3423472286962458
0.3424404198832883
0.34253378958344083
0.3426273295953326
0.3427210318998034
0.3428148887256203
0.34290889269488745
0.343002936700907
0.343096722933498
0.34319037068970976
0.34328388432292395
0.3433772676714563
0.3434705240873308
0.3435636564660341
0.3436566672754349
0.3437495585833984
0.34384233208407217
0.3439349891229069
0.3440275307204715
0.344119957595107
0.3442122701844549
0.34430446866587755
0.3443965529758046
0.3444885228280278
0.3445803777309765
0.3446721170040091
0.34476373979276104
0.3448552450835849
0.3449466317171264
0.3450378984010725
0.34512904372212355
0.3452200661572197
0.34531096408406087
0.34540173579097183
0.3454923794861335
0.34558289330622144
0.3456732753244929
0.34576352355834444
0.3458536359763739
0.3459436105049802
0.34603344503452127
0.34612313742506257
0.34621268551173817
0.3463020871097436
0.3463913400189914
0.34648044202843936
0.3465693909201215
0.346658184472891
0.34674682046589433
0.3468352966818017
0.3469236109097896
0.3470117609483144
0.3470997446076677
0.34718755971234366
0.34727520410321544
0.347362675639545
0.3474499722008291
0.34753709168849056
0.3476240320274308
0.34771079116744547
0.34779736708451725
0.34788375778198677
0.34796996129161595
0.3480559756745456
0.3481417990221583
0.348227429456847
0.34831286513270127
0.3483981042361091
0.3484831449862892
0.34856798563574876
0.3486526244706779
0.3487370598112806
0.3488212900120519
0.3489053134619986
0.3489891285848078
0.3490727338389734
0.3491561277178777
0.3492393087498291
0.34932227549806627
0.34940502656072336
