0.3286011632397159
0.32714984215537424
0.3258708091319834
0.32473210852143286
0.32371032597743266
0.32278761545974394
0.32194995839626467
0.3211861120960205
0.32048681232290416
0.3198443413590845
0.31925233476523057
0.3187054440860033
0.3181991124552514
0.3177293324461604
0.3172925667094979
0.31688587620852976
0.31650669459876085
0.3161527694854661
0.3158221143643113
0.31551296902412684
0.3152237666665508
0.3149531064092262
0.3146997301375161
0.31446244490135433
0.3142401115104787
0.31403178247500846
0.3138366102794203
0.3136538201595292
0.3134827015293726
0.31332260056352673
0.31317291374801015
0.3130330821591839
0.31290258600898785
0.3127809001296245
0.31266656883330984
0.3125600428251953
0.3124609404593808
0.3123689064088537
0.3122836094190128
0.3122047403064632
0.3121320101057812
0.3120651483774558
0.31200386449994955
0.3119478557535534
0.3118968753841678
0.3118507151737751
0.31180917830862304
0.3117720784925948
0.3117392391606038
0.31171049276815765
0.31168568014617615
0.31166464991370746
0.31164725794253795
0.311633366868446
0.31162284564440856
0.31161556913162325
0.311611417724598
0.3116102770070212
0.31161203743543764
0.31161659404808084
0.311623846196497
0.31163369729783486
0.3116460546058945
0.3116608289992195
0.31167793478469336
0.3116972895152551
0.31171881382048466
0.3117424312489274
0.311768068121147
0.3117956533925823
0.3118251185253916
0.3118563973685223
0.31188942604533715
0.3119241428481833
0.3119604881393535
0.3119984042579444
0.3120378354321487
0.312078727696606
0.3121210288144189
0.31216468820353327
0.31220965686719304
0.3122558873282108
0.312303333566838
0.3123519509620406
0.31240169623599506
0.3124525274016395
0.3125044037130857
0.3125572856186015
0.31261113471567836
0.3126659137071416
0.3127215863557751
0.31277811743036354
0.31283544608988495
0.312893480160703
0.31295218012967774
0.31301151977876934
0.3130714736781948
0.31313201713648153
0.3131931261619443
0.3132547774320555
0.3133169482679945
0.31337961661262764
0.3134427610108292
0.31350636059146764
0.31357039505061235
0.3136348446356948
0.31369969013042576
0.31376491284034563
0.3138304945789198
0.3138964176541142
0.31396266485541047
0.31402921944121703
0.3140960651266606
0.3141631860717269
0.31423056686973866
0.3142981925361551
0.3143660484976747
0.31443412058163617
0.3145023950057004
0.31457085836781234
0.3146394976364202
0.3147083001409548
0.3147772535625536
0.31484634592502764
0.31491556558605605
0.31498490122861034
0.3150543418525934
0.3151238767666904
0.3151934955804281
0.3152631881964309
0.31533294480287155
0.3154027558661113
0.31547261212352556
0.3155425045765054
0.3156124244836337
0.3156823633540375
0.31575231294089257
0.3158222652351054
0.31589221245913973
0.3159621470610068
0.3160320617083947
0.3161019492829605
0.31617180287474816
0.31624161577676124
0.31631138147966426
0.3163810936666231
0.31645074620827524
0.3165203331578366
0.31658984874632773
0.3166592873779395
0.31672864362552144
0.3167979122262124
0.31686708807721176
0.31693616623172444
0.31700514189514234
0.3170740104216205
0.31714273344875066
0.3172112634708874
0.31727961913110425
0.317347798898116
0.31741580123629737
0.3174836246117538
0.317551267498844
0.3176187283853324
0.3176860057761561
0.31775309819618297
0.31782000419228446
0.31788672233496906
0.31795325121970475
0.3180195894680337
0.3180857357285232
0.3181516886775903
0.31821744702021193
0.31828300949054783
0.3183483748524646
0.31841354189998977
0.31847850945768513
0.3185432763809557
0.3186078415562885
0.31867220390144385
0.3187363623655773
0.31880031592932256
0.31886406360481884
0.31892760443569745
0.3189909374970309
0.3190540618952426
0.31911697676798056
0.3191796812839619
0.3192421746427907
0.31930445607474683
0.3193665248405522
0.31942838023111214
0.3194900215672466
0.31955144819939013
0.3196126595072878
0.31967365489966904
0.31973443381391464
0.31979499571570363
0.31985534009866057
0.31991546648398667
