0.9652849134525785
0.9526852834961468
0.9455604590076369
0.9402565627934043
0.9356972812620215
0.9314852544366397
0.9274727005319154
0.9236009496589783
0.9198249506226723
0.9161250393771725
0.9124754009955933
0.908895545487287
0.9053738703219493
0.9019063748462577
0.8984980169041235
0.8951399485427408
0.891833045170733
0.888577434421907
0.8853785865356046
0.8822413049626505
0.8791584256442133
0.8761307497217645
0.8731509482669194
0.8702139013705072
0.8673233585219795
0.8644799595215753
0.8616851712533647
0.858928968214783
0.8562083069481503
0.8535200491044763
0.8508620543877833
0.8482334357719581
0.8456375992895979
0.8430685966617874
0.8405283004210513
0.838020377257733
0.8355483084654018
0.8331049442416736
0.8306902319775897
0.8283021279063222
0.8259378544667562
0.8235990581598316
0.8212823685432074
0.8189842337707991
0.8167061854789843
0.8144512098983363
0.8122213823163507
0.8100184396971446
0.8078433086587465
0.8056904732322674
0.8035581429562801
0.8014482879782553
0.799362293426426
0.7972975174583344
0.7952537475819408
0.7932323125767962
0.7912333978221398
0.7892551809076193
0.7872976007927757
0.7853616936426794
0.7834483285339239
0.7815566685635293
0.779684993182389
0.7778326660722451
0.7759974804554667
0.7741804896770123
0.7723825505366625
0.770599344021261
0.7688325513311239
0.767082512973687
0.7653469879897662
0.7636273410973105
0.7619245419994181
0.7602394933999076
0.7585702329226796
0.7569159338524042
0.7552773253968286
0.7536551221388772
0.7520499244238111
0.7504622337088498
0.7488924676915674
0.747340563592844
0.7458044162118607
0.744279408112386
0.7427653638474531
0.7412615924722092
0.7397689852064698
0.7382882970243667
0.7368201465172526
0.7353649809407979
0.7339179992013385
0.7324807714158436
0.7310548788815966
0.7296409590666771
0.7282395894951614
0.7268501848742027
0.725465883434094
0.7240916814181433
0.7227282150030523
0.7213760261422196
0.7200355756306739
0.7187072540652542
0.7173913918169394
0.7160882704194953
0.7147974118178836
0.7135163808976842
0.7122457192840147
0.7109858351252136
0.70973710007134
0.7084925713447683
0.7072546751489641
0.7060255271733552
0.7048056017587272
0.7035953036360169
0.7023949749019661
0.7012048997944929
0.7000253055916107
0.6988563511065106
0.6976967633676747
0.6965455503611743
0.6954027947493403
0.6942688623563591
0.693144068768613
0.6920286851550767
0.6909229432218927
0.6898270395057545
0.6887411391410487
0.6876653791926948
0.6865998716201666
0.6855447059217619
0.6844999514976811
0.6834656597634337
0.6824418660400493
0.6814285912436744
0.6804258433937923
0.679433618956195
0.6784519040334561
0.6774806754114614
0.6765199014641761
0.675569542907205
0.6746295533647747
0.6736998796437863
0.6727804613584473
0.6718678395912477
0.6709628301000824
0.6700658181448438
0.6691764085571653
0.668292637498314
0.6674148783237486
0.6665434290380226
0.6656785475075025
0.6648204571436164
0.6639693531065843
0.6631254179742623
0.6622885813706304
0.6614571610049337
0.6606312030194633
0.6598109719399512
0.6589967012945996
0.6581885964633306
0.6573868372287976
0.6565915799653737
0.6558029592692517
0.6550210883382889
0.6542460549223438
0.6534757759425267
0.6527085031407053
0.6519459393747632
0.6511883228301564
0.6504358599904955
0.6496887296780715
0.6489470860932051
0.6482110612372731
0.64748076688942
0.6467562962057556
0.6460377249488153
0.6453251122963264
0.6446185010866426
0.643917917163577
0.6432233669747258
0.6425348309188172
0.6418522424324761
0.64117351120731
0.6404980456302226
0.6398266998869596
0.6391596163624579
0.6384969054957829
0.6378386431276132
0.6371848613888501
0.6365355184695293
0.6358876082529403
0.6352424063280726
0.6346007242638118
0.6339627673237849
0.6333287172577442
0.6326987346133158
0.6320729608140929
0.631451520029484
0.6308345208577388
0.6302220578409478
