0.34725863158172954
0.34538986741935146
0.34374152290110926
0.34227298843659315
0.34095385420676483
0.33976070225286226
0.33867508909264
0.3376817667768378
0.3367688907808468
0.3359267395414136
0.3351471687857381
0.3344233575411702
0.3337495396857437
0.33312050906738083
0.3325319022891302
0.33198037284462173
0.33146277194886875
0.33097634683067056
0.33051867789316164
0.3300875318049618
0.32968084424972105
0.3292968767571669
0.3289341022942493
0.3285911460654244
0.3282667654179116
0.3279598329024045
0.32766932194060383
0.327394294642486
0.32713389140186877
0.32688732196890047
0.326653857753596
0.32643282515724253
0.32622359975788773
0.32602560117973056
0.3258378722790742
0.3256600529976975
0.32549169899691865
0.3253323829612518
0.32518170435337784
0.3250392871471086
0.3249047777569891
0.32477784317990666
0.3246581693313256
0.32454545955386177
0.3244394332773143
0.3243398248118274
0.32424638225832275
0.3241588665225112
0.324077050420633
0.3240007178666315
0.32392966313180566
0.3238636901691161
0.3238026119952834
0.3237462501246654
0.3236944340496186
0.32364700076266045
0.3236037943163084
0.32356466541692963
0.32352947104935825
0.3234980741293822
0.3234703431815261
0.3234461520398368
0.3234253795696047
0.32340790940819375
0.3233936297233163
0.32338243298727654
0.32337421576584074
0.3233688785205379
0.3233663254233175
0.32336646418260195
0.3233692250013934
0.3233744782245159
0.3233820024010481
0.32339172476716027
0.32340357498391364
0.32341748506582285
0.3234333892893561
0.3234512240996868
0.32347092802184235
0.32349244157754464
0.3235157072075098
0.3235406691986629
0.3235672736157537
0.3235954682369892
0.3236252024933875
0.3236564274116596
0.3236890955605056
0.3237231610002898
0.32375857923619356
0.32379530717508886
0.32383330308669184
0.3238725265700619
0.32391293852762587
0.32395450115139457
0.3239971779325741
0.3240406283070416
0.32408460676239037
0.3241294360673555
0.32417509063171285
0.32422154536237274
0.3242687756887126
0.32431675757650247
0.3243654675318257
0.3244148825999901
0.32446498036206584
0.3245157389301802
0.32456713694202943
0.3246191535547697
0.3246717684383433
0.3247249617682364
0.32477871421767784
0.3248330069492364
0.32488782160581586
0.3249431403010325
0.32499894560894826
0.3250552205531666
0.32511194859528525
0.3251691136227138
0.3252266999358742
0.3252846922348065
0.3253430756052152
0.3254018355039886
0.32546095774423744
0.32552042847988183
0.3255802341898158
0.32564036166165045
0.32570079797499035
0.3257615304841137
0.32582254679975226
0.32588383476930277
0.32594538245390436
0.32600717809822555
0.3260691984696055
0.32613135975156615
0.3261936455824656
0.32625605021513926
0.3263185679917006
0.3263811933060409
0.3264439205821098
0.3265067442637712
0.3265696588118711
0.32663265870540337
0.3266957384448381
0.32675889255647383
0.32682211559715096
0.3268854021589706
0.326948746873815
0.327012144417582
0.3270755895140817
0.3271390769385889
0.3272026015210478
0.3272661581489546
0.32732974176993007
0.32739334739399756
0.32745697009559765
0.32752060501534846
0.3275842473615822
0.32764789241166364
0.32771153551311694
0.327775172084576
0.3278387976165647
0.3279024076721264
0.32796599788732056
0.32802956397158406
0.3280931017079829
0.3281566069533498
0.32822007563833056
0.3282835037673351
0.3283468874184096
0.3284102227430333
0.32847350596584846
0.32853673338431943
0.32859990136834866
0.3286630063598295
0.32872604487215856
0.3287890134897032
0.32885190886723287
0.3289147277293112
0.3289774668696614
0.32904012315050496
0.32910269350187055
0.3291651749208841
0.32922756447104173
0.32928985928145704
0.32935205654610594
0.3294141535230453
0.329476147533632
0.3295380359617244
0.32959981625287965
0.3296614859135455
0.3297230425102423
0.3297844836687478
0.32984580707327327
0.3299070104656411
0.3299680916444602
0.3300290484643046
0.3300898788348871
0.3301505807202379
0.3302111521378881
0.3302715911580506
