0.4281015628896042
0.4264209979540951
0.4248948312852056
0.4235024395130783
0.4222266396080441
0.4210529886072587
0.4199696298782689
0.41896673248443833
0.4180357496805547
0.4171693355491298
0.4163611629561104
0.4156057716872696
0.4148984349562932
0.4142350426078759
0.41361200144639715
0.4130261521649733
0.4124747011916126
0.4119551652137416
0.4114631924661975
0.410996548402332
0.41055548972988637
0.4101384109489084
0.40974385793487617
0.40937050957214977
0.4090171619825974
0.40868271494159064
0.40836616014240956
0.408066571026848
0.40778309394673423
0.40751494045976855
0.4072613805950301
0.4070217369498834
0.4067953795018047
0.40658172103673695
0.4063802131106027
0.40619034247311936
0.4060116278935312
0.405843617336643
0.4056858854449135
0.4055380312886142
0.4053996763512744
0.4052704627221478
0.40515005147119926
0.40503812118535737
0.4049343666475401
0.40483849764233665
0.4047502378742656
0.40466932398628236
0.40459550466770144
0.4045285398420497
0.40446819992646493
0.4044142651552473
0.40436652496103664
0.4043247774078343
0.40428882867073024
0.4042584925577769
0.4042335900699638
0.40421394899565183
0.40419940353625816
0.4041897939602846
0.4041849662831169
0.40418477197026254
0.4041890676619434
0.40419771491718354
0.4042105799756746
0.4042275335359256
0.40424845054829717
0.40427321002170147
0.4043016948428149
0.4043337916068064
0.4043693904586439
0.40440838494414516
0.40445067187000067
0.4044961511720817
0.40454472579139383
0.40459630155709575
0.40465078707606694
0.4047080936285323
0.4047681350692987
0.40483082773421364
0.4048960903514677
0.4049638439573973
0.40503401181649007
0.4051065193452883
0.40518129403994907
0.40525826540720317
0.4053373648984995
0.4054185258471192
0.40550168340809084
0.4055867745007091
0.4056737377535147
0.4057625134515737
0.40585304348593476
0.40594527130511543
0.40603914186852086
0.40613460160167264
0.40623159835315964
0.4063300813532002
0.40643000117374317
0.4065313096900199
0.4066339600434756
0.4067379066060067
0.40684310494544723
0.4069495117922241
0.40705708500715465
0.4071657835503026
0.407275567450868
0.4073863977780457
0.4074982366128252
0.4076110470206758
0.40772479302509235
0.4078394395819571
0.40795495255468794
0.4080712986901425
0.40818844559524065
0.4083063617142805
0.40842501630694045
0.4085443794269024
0.40866442190110774
0.40878511530960626
0.40890643196598336
0.40902834489834083
0.40915082783081264
0.40927385516560094
0.4093974019655086
0.4095214439369568
0.40964595741347176
0.40977091933962134
0.40989630725538967
0.41002209928097416
0.4101482741019937
0.41027481095509827
0.4104016896139533
0.41052889037561335
0.4106563940472413
0.4107841819331904
0.4109122358224213
0.4110405379762541
0.41116907111643997
0.4112978184135463
0.41142676347563945
0.41155589033727025
0.4116851834487388
0.4118146276656431
0.41194420823869327
0.41207391080379274
0.4122037213723742
0.412333626321983
0.4124636123871067
0.4125936666502352
0.4127237765331568
0.41285392978847113
0.4129841144913258
0.41311431903136514
0.41324453210488216
0.413374742707175
0.4135046870250263
0.4136342565356323
0.41376368043830186
0.4138929507511693
0.41402205968206324
0.41415099964473545
0.41427976326125787
0.41440834335870536
0.4145367329637236
0.4146649252965115
0.41479291376480737
0.41492069195812875
0.41504825364229053
0.4151755927542264
0.4153027033970747
0.4154295798355015
0.41555621649125196
0.4156826079388899
0.4158087489017237
0.4159346342478902
0.41606025898658877
0.4161856182644648
0.4163107073621133
0.4164355216907083
0.4165600567887541
0.41668430831893805
0.41680827206509413
0.41693194392926136
0.41705531992884715
0.41717839619387126
0.41730116896430525
0.4174236345874963
0.4175457895156757
0.4176676303035404
0.41778915360591784
0.4179103561755076
0.41803123486068955
0.4181517866034036
0.4182720084371001
0.4183918974847584
0.4185114509569637
0.4186306661500526
0.41874954044432167
0.4188680713022818
