0.9611033304385763
0.9359704660173521
0.9191478063115136
0.9075192171619961
0.8992541572184527
0.8932311912327542
0.8887309195906943
0.8852628487889036
0.8825126264438522
0.8802885525138936
0.8784414181616861
0.8768636749977265
0.8754904232204986
0.8742816366070599
0.8731763820715601
0.8721411677267343
0.8711564337257233
0.8701914177540299
0.8692490237188607
0.8683243158176167
0.8674137223325739
0.8665155225002829
0.8656293412748315
0.8647557853015094
0.8638841047528646
0.8630131800039709
0.862145555935107
0.8612772136715855
0.8603718964538518
0.8594676306520862
0.8585666982304938
0.8576713235969757
0.8567835761152224
0.8559001519932427
0.855018447676439
0.8541433747131365
0.8532768446686039
0.8524206305088234
0.8515721322707764
0.8507268031895524
0.8498911094623854
0.8490662710345801
0.8482589008694564
0.8474636986158584
0.8466726419027408
0.8458787391138101
0.8450777747392674
0.8442607313769499
0.8434300616935217
0.8425997426086692
0.841771170871207
0.8409456820248137
0.8401245455891416
0.8393089622570951
0.838500062493518
0.8376989060581891
0.8369064820150647
0.8361237086572559
0.8353514320973867
0.8345904188649967
0.833839826656084
0.8330808109518895
0.8323288052919976
0.8315845926692506
0.830848913591535
0.8301224662684895
0.8294059073501837
0.8286998530187573
0.8280048803127277
0.8273215286132075
0.8266503012550381
0.8259916672528902
0.8253460631605989
0.8247138951221202
0.8240955412458808
0.8234913545961517
0.8229016675186843
0.8223267993822237
0.8217670757940742
0.8212219803466175
0.8206863184178926
0.8201594140728784
0.8196418129541293
0.8191340067835701
0.8186364387273739
0.8181495079891197
0.8176735737103321
0.8172089582544549
0.8167559499375668
0.816314805248417
0.8158857505695524
0.8154689833631652
0.8150646727016481
0.8146729588582414
0.8142939513041768
0.8139277234982609
0.813574299822263
0.813233617216923
0.8128966556708366
0.8125567075697285
0.8122234640478625
0.811897274210119
0.8115784658210476
0.811267345824109
0.8109642022607901
0.8106693076352542
0.8103829245229472
0.8101053160885312
0.8098367708310953
0.8095776873088094
0.8093009458356258
0.8090222842150628
0.8087480391233444
0.8084785284356184
0.8082140471550153
0.8079548692952419
0.8077012494963333
0.8074534244304924
0.8072116140470603
0.8069760226975654
0.8067468401751527
0.8065242426981775
0.8063083938660333
0.8060994456173413
0.8058975392285578
0.8057028064096423
0.8055153705940489
0.8053353486128647
0.8051628531762468
0.8049979972760256
0.8048409042535621
0.8046839910655113
0.8045153039845628
0.8043490878375886
0.8041856864367091
0.8040254148798587
0.8038685623884351
0.8037153947622657
0.8035661565109403
0.8034210727125778
0.8032803506436494
0.8031441812168449
0.8030127402582574
0.8028861896503892
0.8027646783636014
0.8026483433955912
0.8025373106363038
0.8024316956743626
0.8023316045607464
0.802237134546308
0.8021483748122588
0.8020654072178012
0.8019883070983191
0.801917144163982
0.8018519835785921
0.8017928873551866
0.8017399163185146
0.8016931331303179
0.8016526074614273
0.8016184260082544
0.8015907154376312
0.8015697109150108
0.8015419521596808
0.8014998687254966
0.8014592781238496
0.8014204331084784
0.8013836188271509
0.8013491937286357
0.8013176845798149
0.8012900812870515
0.8012635985203735
0.8012344718990911
0.8012046790377129
0.8011744577788008
0.8011440353877708
0.8011136287266951
0.8010834444735068
0.8010536793737001
0.8010245205145412
0.8009961456141105
0.8009687233192196
0.8009424135076059
0.8009173675908613
0.800893728815365
0.8008716325591213
0.800851206622912
0.8008325715145459
0.8008158407253043
0.800801120997899
0.8007885125854537
0.8007781095011482
0.8007699997582775
0.8007642656005356
0.80076098372242
0.8007602254796387
0.8007620570894586
0.8007665398209192
0.8007737301748139
0.8007836800533259
0.8007964369191615
