0.7847942621436376
0.7714018423422516
0.760057876834851
0.750346310712521
0.7419253324634892
0.7345436837021564
0.7279833191540526
0.722102581213608
0.7167860525888249
0.7119437634131816
0.707501116762636
0.7033998717048944
0.6995936760220463
0.6960451185703902
0.6927152349951623
0.6895687990536631
0.686584089103992
0.683739668280871
0.6810316751841705
0.6784476445829994
0.6759771583192045
0.6736115319087008
0.6713436785625566
0.6691660568309383
0.6670684318786206
0.665044635182517
0.6630901394577862
0.6612009958082922
0.6593737281705738
0.6576052524174799
0.6558884259830156
0.6542088870146798
0.6525761036448103
0.6509882210957412
0.6494436804506644
0.6479412761193559
0.6464803896744207
0.6450360990606779
0.6436169543993034
0.6422284416311077
0.6408695526952024
0.6395393691202821
0.6382370497111963
0.6369618206829989
0.6357129675959784
0.6344898286621361
0.6332917891361625
0.6321182766022733
0.630968757044665
0.6298427316661989
0.6287397345337858
0.6276593313732768
0.6266011205369174
0.6255647398682183
0.624543861239998
0.6235199701441347
0.6225148346735795
0.6215281109269388
0.6205594746862328
0.6196086182186575
0.6186752476189552
0.6177590805761587
0.6168598444688372
0.6159772747104298
0.6151111132811757
0.6142611073964521
0.6134270082763423
0.6126085700082397
0.6118055485680042
0.6110177013211839
0.6102447884218927
0.6094865840361366
0.6087341639927331
0.6079881896853627
0.6072534363068501
0.6065298119418694
0.6058172259961432
0.6051155887356596
0.6044248110373567
0.6037448042724934
0.6030754802783216
0.6024167513946945
0.6017685305552027
0.6011307314305752
0.6005032686274945
0.59988605795003
0.5992790167344498
0.5986820642719725
0.5980951223387501
0.5975181158589721
0.5969509737369654
0.5963936299107175
0.5958460247088937
0.5953081066521217
0.5947798349692842
0.5942611834322751
0.5937521471603299
0.593252721643291
0.5927617825933256
0.5922778581508684
0.5918009135111164
0.5913309145439832
0.590867827090619
0.5904116165458538
0.5899622476048146
0.5895196841069708
0.5890838889404207
0.5886548239851697
0.5882324500828499
0.5878167270251492
0.587407613555924
0.5870050673835633
0.5866090452011422
0.5862195027125056
0.585836394662844
0.5854596748726164
0.5850892962738926
0.5847252109483378
0.5843673701662038
0.5840157244257494
0.5836702234925811
0.5833308164384053
0.5829974516786255
0.582670077008085
0.5823486396339558
0.5820330862042064
0.5817233628288382
0.5814194150884598
0.5811211880180929
0.5808286260345079
0.5805416726982199
0.5802560295354703
0.5799737685229984
0.5796954603852141
0.5794210774998273
0.5791505932139811
0.578883981664436
0.5786212176147193
0.5783622762911836
0.5781071332230107
0.5778557640943813
0.577608144614376
0.5773642504068989
0.5771240569205471
0.5768875393570104
0.5766546726160553
0.5764254312551212
0.5761997894619945
0.5759777210400069
0.5757591994073854
0.5755441976178918
0.5753326884263447
0.5751246444830864
0.5749200390486664
0.5747132711371998
0.5745069060365566
0.5743020044897907
0.5740986092397696
0.5738967599076649
0.5736964932544382
0.5734978434018206
0.5733008420211008
0.5731055184961994
0.5729119000661028
0.5727200119506133
0.5725298774625265
0.5723415181086892
0.5721549536818613
0.5719702023449253
0.5717872807086528
0.571606203904
0.5714269856497273
0.5712496383159519
0.571074172984155
0.5709005995040559
0.5707289265476803
0.5705591616609197
0.5703913113127917
0.5702253809426094
0.5700613750052067
0.5698992970143686
0.5697391495845718
0.5695809344711377
0.569424652608897
0.5692703041494129
0.5691178884968621
0.5689674043426138
0.5688188496985657
0.5686722219292862
0.5685275177830066
0.568384733421502
0.5682438644489073
0.5681049059394954
0.5679678524644513
0.5678326981176816
0.5676994365406824
0.5675680609464919
0.5674385641427666
0.5673109385539924
0.5671851762428687
