0.5600263016964226
0.5536551409846975
0.5479408631291539
0.5427811770687346
0.5380944899472376
0.5338138172984621
0.529888437384457
0.5262750075323672
0.5229372379509517
0.5198441517565122
0.5169589730750006
0.5142649563771627
0.5117448628091527
0.5093820298680825
0.5071613953003077
0.5050677956845846
0.5030914798102778
0.5012225830232149
0.4994497792008846
0.49776631435696655
0.4961653024647069
0.49464062247149065
0.49318681572993395
0.4917989989376235
0.4904727900035137
0.48920424470916213
0.48798980240605166
0.4868262392972429
0.48571062810323895
0.48464030311772044
0.4836128298268713
0.4826259784032161
0.48167770049689934
0.48076610883894705
0.4798894592462579
0.47904613468055074
0.4782346310669704
0.47745354462708084
0.47670156053264645
0.4759774427540572
0.475280025088073
0.4746082035668616
0.47396093093026387
0.47333721500829834
0.47273612600056675
0.4721568274614004
0.47159868551423156
0.4710640790456431
0.47054963305675007
0.4700530379194235
0.4695736865911788
0.4691110013228047
0.46866443255072254
0.4682334571533957
0.4678175765733555
0.4674163149945157
0.4670292176349541
0.46665584916337566
0.466295792226831
0.46594864606746095
0.46561402519724165
0.46529155808452133
0.4649808857730962
0.46468166027358476
0.46439354233681135
0.4641161973798853
0.4638461236674624
0.4635794540892971
0.4633217629231405
0.46307283393956394
0.4628324574193645
0.46260043151234975
0.4623765632421735
0.46216067016113344
0.4619525848265728
0.46175217263287077
0.46155901734774885
0.4613719096499131
0.4611904186930148
0.4610144162444125
0.460843779263679
0.4606783895143216
0.46051813321690593
0.46036290073799946
0.46021258631027556
0.46006708777985345
0.45992630637755644
0.4597901465112653
0.4596585155769287
0.45953132378615247
0.4594084840085461
0.4592899116272604
0.4591755244063354
0.45906524236865065
0.4589589876834214
0.4588566845622996
0.45875825916325347
0.45866363950148636
0.45857275536674497
0.4584855382464264
0.4584019212539693
0.4583218390620577
0.45824522784021904
0.4581720251964415
0.4581021701224658
0.4580356029424539
0.4579722652647527
0.45791209993650855
0.4578550510008935
0.45780106365675755
0.45775008422050656
0.4577020600900407
0.45765693971059906
0.45761467254237514
0.45757520902976623
0.4575385005721495
0.45750449949606786
0.45747315902874197
0.45744443327280015
0.4574182771821648
0.45739464653900264
0.4573734979316807
0.45735478873366037
0.4573384770832683
0.45732452186430034
0.45731288268739273
0.457303519872129
0.45729639442983533
0.4572914680470226
0.4572887030694388
0.45728806248670595
0.45728950991749945
0.457293009595244
0.45729852635430857
0.45730602561665795
0.4573154733789559
0.4573268362000838
0.45734008118905933
0.45735517599334086
0.4573720887874929
0.4573907882621979
0.4574112436136024
0.45743342453297803
0.45745730119668465
0.45748284425642494
0.45751002482977937
0.4575388144910032
0.4575691852620803
0.4576011096040268
0.4576345604084248
0.4576695109891873
0.4577059350745393
0.45774380679920806
0.4577831006968192
0.45782379169248527
0.45786585509558286
0.4579092665927098
0.45795400224082045
0.4580000384605304
0.4580473520295817
0.45809592007646227
0.45814572007419146
0.4581967298342422
0.45824892750060664
0.45830229154400665
0.45835680075623114
0.458412434244612
0.458469171426618
0.4585269920245755
0.4585858760605044
0.45864580385107484
0.4587067560026691
0.45876871340655506
0.45883165723416386
0.45889556893247413
0.4589604302194853
0.45902622307980046
0.4590929297602913
0.4591605327658634
0.4592290148553025
0.4592983590372145
0.45936854856604165
0.459439566938166
0.4595113978880936
0.45958402538470783
0.45965743362760636
0.4597316070435071
0.4598065302827277
0.45988218821573273
0.45995856592975093
0.460035648725454
0.4601134221137072
0.460191871812375
0.4602709837431911
0.46035074402869014
0.4604311389891933
0.4605121551398529
0.460593779187755
0.46067599802906756
0.4607587987462509
