0.4581654223891175
0.455867353031757
0.45381898063946735
0.45198259156484855
0.45032678901166834
0.4488276799417052
0.4474645633110157
0.4462201118699924
0.445079807539845
0.44403137524746766
0.4430643148922995
0.44216964964126343
0.44133500659065916
0.44055176760632403
0.4398193213472969
0.439132593651741
0.4384873758198084
0.4378760928961311
0.4372915000183837
0.43673878174354996
0.4362155033456386
0.43571949592225345
0.43524882107409985
0.4348017408916073
0.43437669241415094
0.4339722658439441
0.43358718590727835
0.4332202958549946
0.43287054367952527
0.4325369701980536
0.4322186987113973
0.4319149259980116
0.4316249144435331
0.43134798514009437
0.4310835118174438
0.4308309154908099
0.43058965972918284
0.4303592464631769
0.4301392122642002
0.42992912503706293
0.4297285810765312
0.42953720244529087
0.429354634636376
0.42918054448773457
0.42901461832038496
0.4288565602746595
0.4287060908214537
0.42856294542706147
0.4284268733506314
0.42829763655064396
0.4281723560512613
0.42805223062906295
0.42793760583396384
0.42782829956986496
0.4277241389119865
0.4276249595147722
0.42753060504744483
0.4274409266641642
0.42735578251100065
0.4272750372693581
0.4271985617341538
0.42712623242445874
0.4270579312240949
0.4269935450497016
0.42693296554391896
0.4268760887915054
0.42682281505639263
0.42677304853788445
0.42672669714436795
0.426683672283073
0.4266438886645548
0.4266072641207185
0.42657371943529027
0.42654317818577225
0.4265155665959904
0.4264908133984198
0.42646884970556914
0.4264496088897317
0.4264330264705009
0.4264190400094848
0.4264075890116931
0.4263986148331274
0.4263920605941341
0.4263878710981174
0.42638599275522815
0.4263863735106997
0.42638896277749316
0.42639371137297094
0.4264005714593154
0.42640949648744264
0.4264204411441703
0.4264333613024287
0.42644821397430316
0.4264649572667213
0.42648355033960766
0.4265039533663548
0.42652612749643315
0.4265500348200202
0.42657563833450945
0.4266029019127722
0.4266317902730653
0.42666226895047166
0.42669430426977717
0.42672786331969315
0.42676291392833293
0.42679942463986903
0.4268373646922894
0.42687670399618804
0.4269174131145227
0.4269594632432792
0.4270028261929878
0.42704747437103663
0.42709338076473496
0.4271405189250822
0.42718886295119635
0.42723838747536474
0.42728906764868396
0.42734087912724794
0.42739379805885763
0.4274478010702238
0.4275028652546261
0.427558968160019
0.4276160877775447
0.4276742025304449
0.4277332912633365
0.4277933332318467
0.42785430809258507
0.4279161958934238
0.4279789770640966
0.4280426324070763
0.4281071430887349
0.4281724906307643
0.4282386569018549
0.4283056241096145
0.4283733747927195
0.42844189181329134
0.4285111583494929
0.4285811578883225
0.4286518742186179
0.4287232914242505
0.4287953938775055
0.4288681662326474
0.42894159341965654
0.4290156606381386
0.42909035335140217
0.42916565728069256
0.4292415583995861
0.4293180429285366
0.4293950973295686
0.4294727083011186
0.4295508627730151
0.4296295479015992
0.4297087510649781
0.429788459858413
0.42986866208983554
0.4299493457754859
0.43003049913568003
0.43011211059069493
0.4301941687567689
0.43027666244222057
0.4303595806436769
0.4304429125424136
0.43052664750079533
0.43061077505882905
0.4306952849308072
0.4307801670020555
0.4308647782210682
0.43094943193291996
0.4310341330821167
0.43111888018797695
0.43120367162952483
0.4312885056655316
0.4313733804517684
0.4314582940558778
0.4315432444702147
0.4316282296229472
0.43171324738767475
0.4317982955917732
0.43188337202365135
0.43196847443907505
0.43205360056668035
0.4321387481128078
0.4322239147657344
0.43230909819939667
0.43239429607667207
0.4324795060522786
0.43256472577533883
0.43264995289166147
0.43273518504577413
0.43282041988273623
0.43290565504976186
0.4329908881976863
0.43307611698227216
0.433161339065397
0.43324655211613566
0.4333317538117315
0.4334169418384838
0.43350211389256504
0.43358726768076117
0.43367240092115233
