0.4317840123398913
0.4301018046843905
0.42859539206660197
0.4272399902754294
0.4260152916925149
0.42490457268543025
0.4238939514321964
0.4229712827114331
0.4221265634952532
0.4213512865008761
0.42063816850819025
0.41998093729273345
0.419374161602082
0.4188131144575538
0.41829366243376714
0.4178121753192054
0.4173654518767339
0.41695065841469137
0.41656527762740136
0.4162070657294569
0.4158740163371162
0.41556432987701725
0.41527638755296004
0.41500872909474334
0.4147600336632191
0.41452910340319216
0.41431484922850775
0.4141162784972762
0.41393248429413215
0.41376263608395264
0.4136059715400212
0.4134617893811317
0.4133294430780167
0.4132083353108721
0.41309791307751137
0.4129976633664845
0.4129071093219371
0.41282580683737646
0.41275334152436005
0.4126893260095496
0.4126333975199111
0.41258521572123774
0.4125444607797824
0.41251083162073715
0.4124840443607222
0.41246383089440447
0.41244993761803805
0.41244212427509036
0.41244016291140484
0.41244383692946723
0.4124529402320995
0.412467276436529
0.4124863007045847
0.41250968959279977
0.4125374414859736
0.41256939951324495
0.4126054143588533
0.4126453435929777
0.41268905112451326
0.41273640673459727
0.412787285667658
0.4128415682664007
0.4128991396423423
0.41295988937642303
0.41302371124577153
0.41309050297362904
0.41316016600002503
0.41323260527113415
0.4133077290455351
0.41338544871578825
0.41346567864392025
0.4135483360095431
0.4136333406694766
0.4137206150278439
0.41381008391571544
0.4139016744794655
0.4139953160770858
0.4140909401817828
0.4141884802922256
0.41428787184889776
0.414389052156036
0.414491960308694
0.414596537124508
0.4147027250797904
0.4148104682495789
0.41491971225133656
0.4150304041920056
0.4151424926181289
0.4152559274688169
0.41537066003130796
0.41548664289892845
0.41560382993125583
0.41572217621629914
0.41584163803454877
0.4159621728247339
0.4160837391511595
0.4162062966724918
0.41632980611187465
0.4164542292282782
0.4165795287889795
0.41670566854308194
0.41683261319600734
0.4169603283848677
0.41708878065467453
0.4172179374352995
0.41734776701915466
0.41747823853953187
0.4176093219495618
0.41774098800175236
0.41787320822806795
0.418005954920532
0.4181392011123027
0.41827292055922105
0.4184070877217945
0.4185416777476015
0.41867666645410495
0.41881203031185227
0.4189477464280542
0.41908379253052624
0.4192201469519964
0.41935678861475045
0.4194936970156217
0.4196308522113138
0.41976823480404996
0.419905825927546
0.4200436072332979
0.42018156087718184
0.4203196695063608
0.42045791624649653
0.4205962846892599
0.4207347588801366
0.42087332330651794
0.42101196288609255
0.4211506629555078
0.42128940925931463
0.42142818793919484
0.42156698552344113
0.42170578891672666
0.4218445853901158
0.42198336257134683
0.42212210843535836
0.42226081129506904
0.42239945979239885
0.42253804288953006
0.4226765498603978
0.4228149702824195
0.4229532940284341
0.42309151125887073
0.42322961241412843
0.42336758820716497
0.4235054296162872
0.4236431278781399
0.42378067448089546
0.4239180611576257
0.4240552798798578
0.42419232285131475
0.42432918250182355
0.4244658514814024
0.4246023226545018
0.4247385890944154
0.42487464407784464
0.4250104810796116
0.42514609376752494
0.4252814759973858
0.42541662180813783
0.4255515254171391
0.4256861812155841
0.4258205837640412
0.42595472778811416
0.42608860817422867
0.42622221996553294
0.42635555835791206
0.4264886186961111
0.4266213964699662
0.42675388731073705
0.42688608698754366
0.42701799140389557
0.4271495965943185
0.427280898721074
0.4274118940709625
0.427542579052219
0.4276729501914871
0.4278030041308808
0.42793273762511586
0.428062147538727
0.42819123084335414
0.4283199846150984
0.4284484060319552
0.42857649237130785
0.4287042410074928
0.4288316494094256
0.42895871513828393
0.4290854358452634
0.4292118092693803
0.42933783323533764
0.4294635056514394
0.4295888245075654
0.4297137878731949
0.4298383938954795
0.4299626407973679
